  -8.0000000e+01   1.9983844e-02
  -7.9900000e+01   2.0371392e-02
  -7.9800000e+01   2.0762462e-02
  -7.9700000e+01   2.1157051e-02
  -7.9600000e+01   2.1555155e-02
  -7.9500000e+01   2.1956771e-02
  -7.9400000e+01   2.2361896e-02
  -7.9300000e+01   2.2770526e-02
  -7.9200000e+01   2.3182660e-02
  -7.9100000e+01   2.3598293e-02
  -7.9000000e+01   2.4017423e-02
  -7.8900000e+01   2.4440048e-02
  -7.8800000e+01   2.4866164e-02
  -7.8700000e+01   2.5295769e-02
  -7.8600000e+01   2.5728861e-02
  -7.8500000e+01   2.6165436e-02
  -7.8400000e+01   2.6605493e-02
  -7.8300000e+01   2.7049030e-02
  -7.8200000e+01   2.7496043e-02
  -7.8100000e+01   2.7946532e-02
  -7.8000000e+01   2.8400493e-02
  -7.7900000e+01   2.8857925e-02
  -7.7800000e+01   2.9318826e-02
  -7.7700000e+01   2.9783194e-02
  -7.7600000e+01   3.0251027e-02
  -7.7500000e+01   3.0722324e-02
  -7.7400000e+01   3.1197082e-02
  -7.7300000e+01   3.1675301e-02
  -7.7200000e+01   3.2156978e-02
  -7.7100000e+01   3.2642112e-02
  -7.7000000e+01   3.3130703e-02
  -7.6900000e+01   3.3622748e-02
  -7.6800000e+01   3.4118246e-02
  -7.6700000e+01   3.4617196e-02
  -7.6600000e+01   3.5119597e-02
  -7.6500000e+01   3.5625448e-02
  -7.6400000e+01   3.6134749e-02
  -7.6300000e+01   3.6647497e-02
  -7.6200000e+01   3.7163692e-02
  -7.6100000e+01   3.7683333e-02
  -7.6000000e+01   3.8206421e-02
  -7.5900000e+01   3.8732953e-02
  -7.5800000e+01   3.9262929e-02
  -7.5700000e+01   3.9796349e-02
  -7.5600000e+01   4.0333213e-02
  -7.5500000e+01   4.0873519e-02
  -7.5400000e+01   4.1417268e-02
  -7.5300000e+01   4.1964459e-02
  -7.5200000e+01   4.2515092e-02
  -7.5100000e+01   4.3069166e-02
  -7.5000000e+01   4.3626682e-02
  -7.4900000e+01   4.4187640e-02
  -7.4800000e+01   4.4752039e-02
  -7.4700000e+01   4.5319880e-02
  -7.4600000e+01   4.5891162e-02
  -7.4500000e+01   4.6465886e-02
  -7.4400000e+01   4.7044052e-02
  -7.4300000e+01   4.7625660e-02
  -7.4200000e+01   4.8210710e-02
  -7.4100000e+01   4.8799203e-02
  -7.4000000e+01   4.9391140e-02
  -7.3900000e+01   4.9986520e-02
  -7.3800000e+01   5.0585345e-02
  -7.3700000e+01   5.1187614e-02
  -7.3600000e+01   5.1793328e-02
  -7.3500000e+01   5.2402489e-02
  -7.3400000e+01   5.3015096e-02
  -7.3300000e+01   5.3631151e-02
  -7.3200000e+01   5.4250654e-02
  -7.3100000e+01   5.4873606e-02
  -7.3000000e+01   5.5500008e-02
  -7.2900000e+01   5.6129861e-02
  -7.2800000e+01   5.6763166e-02
  -7.2700000e+01   5.7399925e-02
  -7.2600000e+01   5.8040137e-02
  -7.2500000e+01   5.8683804e-02
  -7.2400000e+01   5.9330928e-02
  -7.2300000e+01   5.9981509e-02
  -7.2200000e+01   6.0635550e-02
  -7.2100000e+01   6.1293050e-02
  -7.2000000e+01   6.1954012e-02
  -7.1900000e+01   6.2618436e-02
  -7.1800000e+01   6.3286325e-02
  -7.1700000e+01   6.3957680e-02
  -7.1600000e+01   6.4632501e-02
  -7.1500000e+01   6.5310792e-02
  -7.1400000e+01   6.5992552e-02
  -7.1300000e+01   6.6677785e-02
  -7.1200000e+01   6.7366491e-02
  -7.1100000e+01   6.8058672e-02
  -7.1000000e+01   6.8754330e-02
  -7.0900000e+01   6.9453467e-02
  -7.0800000e+01   7.0156085e-02
  -7.0700000e+01   7.0862184e-02
  -7.0600000e+01   7.1571768e-02
  -7.0500000e+01   7.2284837e-02
  -7.0400000e+01   7.3001395e-02
  -7.0300000e+01   7.3721442e-02
  -7.0200000e+01   7.4444981e-02
  -7.0100000e+01   7.5172014e-02
  -7.0000000e+01   7.5902543e-02
  -6.9900000e+01   7.6636570e-02
  -6.9800000e+01   7.7374097e-02
  -6.9700000e+01   7.8115126e-02
  -6.9600000e+01   7.8859659e-02
  -6.9500000e+01   7.9607699e-02
  -6.9400000e+01   8.0359247e-02
  -6.9300000e+01   8.1114306e-02
  -6.9200000e+01   8.1872878e-02
  -6.9100000e+01   8.2634966e-02
  -6.9000000e+01   8.3400571e-02
  -6.8900000e+01   8.4169697e-02
  -6.8800000e+01   8.4942345e-02
  -6.8700000e+01   8.5718517e-02
  -6.8600000e+01   8.6498217e-02
  -6.8500000e+01   8.7281446e-02
  -6.8400000e+01   8.8068207e-02
  -6.8300000e+01   8.8858502e-02
  -6.8200000e+01   8.9652334e-02
  -6.8100000e+01   9.0449706e-02
  -6.8000000e+01   9.1250619e-02
  -6.7900000e+01   9.2055077e-02
  -6.7800000e+01   9.2863082e-02
  -6.7700000e+01   9.3674636e-02
  -6.7600000e+01   9.4489742e-02
  -6.7500000e+01   9.5308403e-02
  -6.7400000e+01   9.6130621e-02
  -6.7300000e+01   9.6956398e-02
  -6.7200000e+01   9.7785738e-02
  -6.7100000e+01   9.8618643e-02
  -6.7000000e+01   9.9455116e-02
  -6.6900000e+01   1.0029516e-01
  -6.6800000e+01   1.0113877e-01
  -6.6700000e+01   1.0198597e-01
  -6.6600000e+01   1.0283674e-01
  -6.6500000e+01   1.0369109e-01
  -6.6400000e+01   1.0454902e-01
  -6.6300000e+01   1.0541054e-01
  -6.6200000e+01   1.0627565e-01
  -6.6100000e+01   1.0714435e-01
  -6.6000000e+01   1.0801665e-01
  -6.5900000e+01   1.0889254e-01
  -6.5800000e+01   1.0977204e-01
  -6.5700000e+01   1.1065513e-01
  -6.5600000e+01   1.1154184e-01
  -6.5500000e+01   1.1243215e-01
  -6.5400000e+01   1.1332607e-01
  -6.5300000e+01   1.1422360e-01
  -6.5200000e+01   1.1512475e-01
  -6.5100000e+01   1.1602952e-01
  -6.5000000e+01   1.1693792e-01
  -6.4900000e+01   1.1784993e-01
  -6.4800000e+01   1.1876558e-01
  -6.4700000e+01   1.1968485e-01
  -6.4600000e+01   1.2060776e-01
  -6.4500000e+01   1.2153430e-01
  -6.4400000e+01   1.2246448e-01
  -6.4300000e+01   1.2339830e-01
  -6.4200000e+01   1.2433576e-01
  -6.4100000e+01   1.2527687e-01
  -6.4000000e+01   1.2622163e-01
  -6.3900000e+01   1.2717004e-01
  -6.3800000e+01   1.2812211e-01
  -6.3700000e+01   1.2907783e-01
  -6.3600000e+01   1.3003721e-01
  -6.3500000e+01   1.3100025e-01
  -6.3400000e+01   1.3196696e-01
  -6.3300000e+01   1.3293734e-01
  -6.3200000e+01   1.3391138e-01
  -6.3100000e+01   1.3488910e-01
  -6.3000000e+01   1.3587049e-01
  -6.2900000e+01   1.3685556e-01
  -6.2800000e+01   1.3784431e-01
  -6.2700000e+01   1.3883675e-01
  -6.2600000e+01   1.3983286e-01
  -6.2500000e+01   1.4083267e-01
  -6.2400000e+01   1.4183616e-01
  -6.2300000e+01   1.4284335e-01
  -6.2200000e+01   1.4385423e-01
  -6.2100000e+01   1.4486881e-01
  -6.2000000e+01   1.4588709e-01
  -6.1900000e+01   1.4690907e-01
  -6.1800000e+01   1.4793475e-01
  -6.1700000e+01   1.4896414e-01
  -6.1600000e+01   1.4999724e-01
  -6.1500000e+01   1.5103405e-01
  -6.1400000e+01   1.5207458e-01
  -6.1300000e+01   1.5311882e-01
  -6.1200000e+01   1.5416677e-01
  -6.1100000e+01   1.5521845e-01
  -6.1000000e+01   1.5627384e-01
  -6.0900000e+01   1.5733296e-01
  -6.0800000e+01   1.5839581e-01
  -6.0700000e+01   1.5946238e-01
  -6.0600000e+01   1.6053269e-01
  -6.0500000e+01   1.6160672e-01
  -6.0400000e+01   1.6268449e-01
  -6.0300000e+01   1.6376599e-01
  -6.0200000e+01   1.6485123e-01
  -6.0100000e+01   1.6594021e-01
  -6.0000000e+01   1.6703293e-01
  -5.9900000e+01   1.6812940e-01
  -5.9800000e+01   1.6922960e-01
  -5.9700000e+01   1.7033355e-01
  -5.9600000e+01   1.7144125e-01
  -5.9500000e+01   1.7255270e-01
  -5.9400000e+01   1.7366790e-01
  -5.9300000e+01   1.7478685e-01
  -5.9200000e+01   1.7590955e-01
  -5.9100000e+01   1.7703601e-01
  -5.9000000e+01   1.7816623e-01
  -5.8900000e+01   1.7930020e-01
  -5.8800000e+01   1.8043792e-01
  -5.8700000e+01   1.8157941e-01
  -5.8600000e+01   1.8272466e-01
  -5.8500000e+01   1.8387367e-01
  -5.8400000e+01   1.8502645e-01
  -5.8300000e+01   1.8618299e-01
  -5.8200000e+01   1.8734329e-01
  -5.8100000e+01   1.8850736e-01
  -5.8000000e+01   1.8967519e-01
  -5.7900000e+01   1.9084679e-01
  -5.7800000e+01   1.9202216e-01
  -5.7700000e+01   1.9320130e-01
  -5.7600000e+01   1.9438421e-01
  -5.7500000e+01   1.9557089e-01
  -5.7400000e+01   1.9676134e-01
  -5.7300000e+01   1.9795556e-01
  -5.7200000e+01   1.9915355e-01
  -5.7100000e+01   2.0035531e-01
  -5.7000000e+01   2.0156084e-01
  -5.6900000e+01   2.0277015e-01
  -5.6800000e+01   2.0398323e-01
  -5.6700000e+01   2.0520008e-01
  -5.6600000e+01   2.0642070e-01
  -5.6500000e+01   2.0764510e-01
  -5.6400000e+01   2.0887326e-01
  -5.6300000e+01   2.1010520e-01
  -5.6200000e+01   2.1134091e-01
  -5.6100000e+01   2.1258040e-01
  -5.6000000e+01   2.1382365e-01
  -5.5900000e+01   2.1507067e-01
  -5.5800000e+01   2.1632147e-01
  -5.5700000e+01   2.1757603e-01
  -5.5600000e+01   2.1883436e-01
  -5.5500000e+01   2.2009646e-01
  -5.5400000e+01   2.2136233e-01
  -5.5300000e+01   2.2263196e-01
  -5.5200000e+01   2.2390536e-01
  -5.5100000e+01   2.2518253e-01
  -5.5000000e+01   2.2646345e-01
  -5.4900000e+01   2.2774814e-01
  -5.4800000e+01   2.2903659e-01
  -5.4700000e+01   2.3032880e-01
  -5.4600000e+01   2.3162477e-01
  -5.4500000e+01   2.3292449e-01
  -5.4400000e+01   2.3422797e-01
  -5.4300000e+01   2.3553521e-01
  -5.4200000e+01   2.3684619e-01
  -5.4100000e+01   2.3816092e-01
  -5.4000000e+01   2.3947941e-01
  -5.3900000e+01   2.4080163e-01
  -5.3800000e+01   2.4212761e-01
  -5.3700000e+01   2.4345732e-01
  -5.3600000e+01   2.4479077e-01
  -5.3500000e+01   2.4612796e-01
  -5.3400000e+01   2.4746888e-01
  -5.3300000e+01   2.4881354e-01
  -5.3200000e+01   2.5016193e-01
  -5.3100000e+01   2.5151404e-01
  -5.3000000e+01   2.5286988e-01
  -5.2900000e+01   2.5422943e-01
  -5.2800000e+01   2.5559271e-01
  -5.2700000e+01   2.5695970e-01
  -5.2600000e+01   2.5833040e-01
  -5.2500000e+01   2.5970481e-01
  -5.2400000e+01   2.6108293e-01
  -5.2300000e+01   2.6246475e-01
  -5.2200000e+01   2.6385026e-01
  -5.2100000e+01   2.6523947e-01
  -5.2000000e+01   2.6663237e-01
  -5.1900000e+01   2.6802896e-01
  -5.1800000e+01   2.6942923e-01
  -5.1700000e+01   2.7083318e-01
  -5.1600000e+01   2.7224081e-01
  -5.1500000e+01   2.7365210e-01
  -5.1400000e+01   2.7506707e-01
  -5.1300000e+01   2.7648569e-01
  -5.1200000e+01   2.7790797e-01
  -5.1100000e+01   2.7933390e-01
  -5.1000000e+01   2.8076348e-01
  -5.0900000e+01   2.8219670e-01
  -5.0800000e+01   2.8363356e-01
  -5.0700000e+01   2.8507406e-01
  -5.0600000e+01   2.8651817e-01
  -5.0500000e+01   2.8796592e-01
  -5.0400000e+01   2.8941727e-01
  -5.0300000e+01   2.9087224e-01
  -5.0200000e+01   2.9233082e-01
  -5.0100000e+01   2.9379299e-01
  -5.0000000e+01   2.9525876e-01
  -4.9900000e+01   2.9672811e-01
  -4.9800000e+01   2.9820105e-01
  -4.9700000e+01   2.9967756e-01
  -4.9600000e+01   3.0115764e-01
  -4.9500000e+01   3.0264128e-01
  -4.9400000e+01   3.0412847e-01
  -4.9300000e+01   3.0561922e-01
  -4.9200000e+01   3.0711351e-01
  -4.9100000e+01   3.0861133e-01
  -4.9000000e+01   3.1011268e-01
  -4.8900000e+01   3.1161755e-01
  -4.8800000e+01   3.1312593e-01
  -4.8700000e+01   3.1463782e-01
  -4.8600000e+01   3.1615321e-01
  -4.8500000e+01   3.1767209e-01
  -4.8400000e+01   3.1919445e-01
  -4.8300000e+01   3.2072028e-01
  -4.8200000e+01   3.2224958e-01
  -4.8100000e+01   3.2378234e-01
  -4.8000000e+01   3.2531855e-01
  -4.7900000e+01   3.2685821e-01
  -4.7800000e+01   3.2840129e-01
  -4.7700000e+01   3.2994780e-01
  -4.7600000e+01   3.3149772e-01
  -4.7500000e+01   3.3305105e-01
  -4.7400000e+01   3.3460777e-01
  -4.7300000e+01   3.3616789e-01
  -4.7200000e+01   3.3773138e-01
  -4.7100000e+01   3.3929824e-01
  -4.7000000e+01   3.4086846e-01
  -4.6900000e+01   3.4244202e-01
  -4.6800000e+01   3.4401893e-01
  -4.6700000e+01   3.4559917e-01
  -4.6600000e+01   3.4718272e-01
  -4.6500000e+01   3.4876958e-01
  -4.6400000e+01   3.5035975e-01
  -4.6300000e+01   3.5195319e-01
  -4.6200000e+01   3.5354992e-01
  -4.6100000e+01   3.5514991e-01
  -4.6000000e+01   3.5675315e-01
  -4.5900000e+01   3.5835964e-01
  -4.5800000e+01   3.5996936e-01
  -4.5700000e+01   3.6158230e-01
  -4.5600000e+01   3.6319844e-01
  -4.5500000e+01   3.6481779e-01
  -4.5400000e+01   3.6644031e-01
  -4.5300000e+01   3.6806602e-01
  -4.5200000e+01   3.6969488e-01
  -4.5100000e+01   3.7132689e-01
  -4.5000000e+01   3.7296203e-01
  -4.4900000e+01   3.7460030e-01
  -4.4800000e+01   3.7624168e-01
  -4.4700000e+01   3.7788615e-01
  -4.4600000e+01   3.7953371e-01
  -4.4500000e+01   3.8118434e-01
  -4.4400000e+01   3.8283802e-01
  -4.4300000e+01   3.8449475e-01
  -4.4200000e+01   3.8615451e-01
  -4.4100000e+01   3.8781729e-01
  -4.4000000e+01   3.8948306e-01
  -4.3900000e+01   3.9115182e-01
  -4.3800000e+01   3.9282356e-01
  -4.3700000e+01   3.9449826e-01
  -4.3600000e+01   3.9617590e-01
  -4.3500000e+01   3.9785646e-01
  -4.3400000e+01   3.9953995e-01
  -4.3300000e+01   4.0122633e-01
  -4.3200000e+01   4.0291559e-01
  -4.3100000e+01   4.0460772e-01
  -4.3000000e+01   4.0630271e-01
  -4.2900000e+01   4.0800053e-01
  -4.2800000e+01   4.0970118e-01
  -4.2700000e+01   4.1140462e-01
  -4.2600000e+01   4.1311086e-01
  -4.2500000e+01   4.1481987e-01
  -4.2400000e+01   4.1653163e-01
  -4.2300000e+01   4.1824614e-01
  -4.2200000e+01   4.1996336e-01
  -4.2100000e+01   4.2168329e-01
  -4.2000000e+01   4.2340591e-01
  -4.1900000e+01   4.2513119e-01
  -4.1800000e+01   4.2685914e-01
  -4.1700000e+01   4.2858971e-01
  -4.1600000e+01   4.3032290e-01
  -4.1500000e+01   4.3205870e-01
  -4.1400000e+01   4.3379707e-01
  -4.1300000e+01   4.3553800e-01
  -4.1200000e+01   4.3728148e-01
  -4.1100000e+01   4.3902749e-01
  -4.1000000e+01   4.4077600e-01
  -4.0900000e+01   4.4252700e-01
  -4.0800000e+01   4.4428047e-01
  -4.0700000e+01   4.4603638e-01
  -4.0600000e+01   4.4779473e-01
  -4.0500000e+01   4.4955548e-01
  -4.0400000e+01   4.5131863e-01
  -4.0300000e+01   4.5308415e-01
  -4.0200000e+01   4.5485201e-01
  -4.0100000e+01   4.5662221e-01
  -4.0000000e+01   4.5839471e-01
  -3.9900000e+01   4.6016950e-01
  -3.9800000e+01   4.6194656e-01
  -3.9700000e+01   4.6372587e-01
  -3.9600000e+01   4.6550740e-01
  -3.9500000e+01   4.6729113e-01
  -3.9400000e+01   4.6907705e-01
  -3.9300000e+01   4.7086513e-01
  -3.9200000e+01   4.7265535e-01
  -3.9100000e+01   4.7444768e-01
  -3.9000000e+01   4.7624211e-01
  -3.8900000e+01   4.7803861e-01
  -3.8800000e+01   4.7983716e-01
  -3.8700000e+01   4.8163774e-01
  -3.8600000e+01   4.8344032e-01
  -3.8500000e+01   4.8524488e-01
  -3.8400000e+01   4.8705140e-01
  -3.8300000e+01   4.8885986e-01
  -3.8200000e+01   4.9067023e-01
  -3.8100000e+01   4.9248248e-01
  -3.8000000e+01   4.9429660e-01
  -3.7900000e+01   4.9611255e-01
  -3.7800000e+01   4.9793033e-01
  -3.7700000e+01   4.9974989e-01
  -3.7600000e+01   5.0157122e-01
  -3.7500000e+01   5.0339429e-01
  -3.7400000e+01   5.0521907e-01
  -3.7300000e+01   5.0704555e-01
  -3.7200000e+01   5.0887370e-01
  -3.7100000e+01   5.1070348e-01
  -3.7000000e+01   5.1253489e-01
  -3.6900000e+01   5.1436788e-01
  -3.6800000e+01   5.1620243e-01
  -3.6700000e+01   5.1803852e-01
  -3.6600000e+01   5.1987613e-01
  -3.6500000e+01   5.2171522e-01
  -3.6400000e+01   5.2355577e-01
  -3.6300000e+01   5.2539775e-01
  -3.6200000e+01   5.2724113e-01
  -3.6100000e+01   5.2908589e-01
  -3.6000000e+01   5.3093200e-01
  -3.5900000e+01   5.3277944e-01
  -3.5800000e+01   5.3462817e-01
  -3.5700000e+01   5.3647817e-01
  -3.5600000e+01   5.3832941e-01
  -3.5500000e+01   5.4018186e-01
  -3.5400000e+01   5.4203550e-01
  -3.5300000e+01   5.4389029e-01
  -3.5200000e+01   5.4574620e-01
  -3.5100000e+01   5.4760322e-01
  -3.5000000e+01   5.4946130e-01
  -3.4900000e+01   5.5132043e-01
  -3.4800000e+01   5.5318056e-01
  -3.4700000e+01   5.5504168e-01
  -3.4600000e+01   5.5690375e-01
  -3.4500000e+01   5.5876674e-01
  -3.4400000e+01   5.6063062e-01
  -3.4300000e+01   5.6249537e-01
  -3.4200000e+01   5.6436095e-01
  -3.4100000e+01   5.6622733e-01
  -3.4000000e+01   5.6809448e-01
  -3.3900000e+01   5.6996237e-01
  -3.3800000e+01   5.7183097e-01
  -3.3700000e+01   5.7370025e-01
  -3.3600000e+01   5.7557018e-01
  -3.3500000e+01   5.7744072e-01
  -3.3400000e+01   5.7931185e-01
  -3.3300000e+01   5.8118354e-01
  -3.3200000e+01   5.8305574e-01
  -3.3100000e+01   5.8492844e-01
  -3.3000000e+01   5.8680159e-01
  -3.2900000e+01   5.8867517e-01
  -3.2800000e+01   5.9054914e-01
  -3.2700000e+01   5.9242347e-01
  -3.2600000e+01   5.9429813e-01
  -3.2500000e+01   5.9617309e-01
  -3.2400000e+01   5.9804830e-01
  -3.2300000e+01   5.9992375e-01
  -3.2200000e+01   6.0179939e-01
  -3.2100000e+01   6.0367519e-01
  -3.2000000e+01   6.0555113e-01
  -3.1900000e+01   6.0742716e-01
  -3.1800000e+01   6.0930324e-01
  -3.1700000e+01   6.1117936e-01
  -3.1600000e+01   6.1305547e-01
  -3.1500000e+01   6.1493154e-01
  -3.1400000e+01   6.1680753e-01
  -3.1300000e+01   6.1868341e-01
  -3.1200000e+01   6.2055915e-01
  -3.1100000e+01   6.2243471e-01
  -3.1000000e+01   6.2431005e-01
  -3.0900000e+01   6.2618514e-01
  -3.0800000e+01   6.2805995e-01
  -3.0700000e+01   6.2993443e-01
  -3.0600000e+01   6.3180856e-01
  -3.0500000e+01   6.3368230e-01
  -3.0400000e+01   6.3555561e-01
  -3.0300000e+01   6.3742846e-01
  -3.0200000e+01   6.3930080e-01
  -3.0100000e+01   6.4117261e-01
  -3.0000000e+01   6.4304385e-01
  -2.9900000e+01   6.4491448e-01
  -2.9800000e+01   6.4678447e-01
  -2.9700000e+01   6.4865377e-01
  -2.9600000e+01   6.5052235e-01
  -2.9500000e+01   6.5239018e-01
  -2.9400000e+01   6.5425721e-01
  -2.9300000e+01   6.5612341e-01
  -2.9200000e+01   6.5798875e-01
  -2.9100000e+01   6.5985318e-01
  -2.9000000e+01   6.6171666e-01
  -2.8900000e+01   6.6357917e-01
  -2.8800000e+01   6.6544066e-01
  -2.8700000e+01   6.6730109e-01
  -2.8600000e+01   6.6916043e-01
  -2.8500000e+01   6.7101863e-01
  -2.8400000e+01   6.7287567e-01
  -2.8300000e+01   6.7473149e-01
  -2.8200000e+01   6.7658607e-01
  -2.8100000e+01   6.7843936e-01
  -2.8000000e+01   6.8029132e-01
  -2.7900000e+01   6.8214192e-01
  -2.7800000e+01   6.8399112e-01
  -2.7700000e+01   6.8583888e-01
  -2.7600000e+01   6.8768515e-01
  -2.7500000e+01   6.8952991e-01
  -2.7400000e+01   6.9137310e-01
  -2.7300000e+01   6.9321470e-01
  -2.7200000e+01   6.9505466e-01
  -2.7100000e+01   6.9689294e-01
  -2.7000000e+01   6.9872950e-01
  -2.6900000e+01   7.0056430e-01
  -2.6800000e+01   7.0239730e-01
  -2.6700000e+01   7.0422847e-01
  -2.6600000e+01   7.0605776e-01
  -2.6500000e+01   7.0788513e-01
  -2.6400000e+01   7.0971054e-01
  -2.6300000e+01   7.1153396e-01
  -2.6200000e+01   7.1335533e-01
  -2.6100000e+01   7.1517462e-01
  -2.6000000e+01   7.1699180e-01
  -2.5900000e+01   7.1880681e-01
  -2.5800000e+01   7.2061962e-01
  -2.5700000e+01   7.2243019e-01
  -2.5600000e+01   7.2423847e-01
  -2.5500000e+01   7.2604443e-01
  -2.5400000e+01   7.2784802e-01
  -2.5300000e+01   7.2964921e-01
  -2.5200000e+01   7.3144795e-01
  -2.5100000e+01   7.3324420e-01
  -2.5000000e+01   7.3503792e-01
  -2.4900000e+01   7.3682906e-01
  -2.4800000e+01   7.3861759e-01
  -2.4700000e+01   7.4040347e-01
  -2.4600000e+01   7.4218665e-01
  -2.4500000e+01   7.4396709e-01
  -2.4400000e+01   7.4574475e-01
  -2.4300000e+01   7.4751959e-01
  -2.4200000e+01   7.4929157e-01
  -2.4100000e+01   7.5106064e-01
  -2.4000000e+01   7.5282676e-01
  -2.3900000e+01   7.5458990e-01
  -2.3800000e+01   7.5635000e-01
  -2.3700000e+01   7.5810703e-01
  -2.3600000e+01   7.5986094e-01
  -2.3500000e+01   7.6161169e-01
  -2.3400000e+01   7.6335925e-01
  -2.3300000e+01   7.6510356e-01
  -2.3200000e+01   7.6684459e-01
  -2.3100000e+01   7.6858229e-01
  -2.3000000e+01   7.7031663e-01
  -2.2900000e+01   7.7204755e-01
  -2.2800000e+01   7.7377502e-01
  -2.2700000e+01   7.7549899e-01
  -2.2600000e+01   7.7721942e-01
  -2.2500000e+01   7.7893627e-01
  -2.2400000e+01   7.8064950e-01
  -2.2300000e+01   7.8235907e-01
  -2.2200000e+01   7.8406492e-01
  -2.2100000e+01   7.8576703e-01
  -2.2000000e+01   7.8746534e-01
  -2.1900000e+01   7.8915981e-01
  -2.1800000e+01   7.9085041e-01
  -2.1700000e+01   7.9253708e-01
  -2.1600000e+01   7.9421980e-01
  -2.1500000e+01   7.9589850e-01
  -2.1400000e+01   7.9757316e-01
  -2.1300000e+01   7.9924372e-01
  -2.1200000e+01   8.0091016e-01
  -2.1100000e+01   8.0257241e-01
  -2.1000000e+01   8.0423045e-01
  -2.0900000e+01   8.0588422e-01
  -2.0800000e+01   8.0753369e-01
  -2.0700000e+01   8.0917882e-01
  -2.0600000e+01   8.1081955e-01
  -2.0500000e+01   8.1245586e-01
  -2.0400000e+01   8.1408769e-01
  -2.0300000e+01   8.1571500e-01
  -2.0200000e+01   8.1733775e-01
  -2.0100000e+01   8.1895590e-01
  -2.0000000e+01   8.2056941e-01
  -1.9900000e+01   8.2217824e-01
  -1.9800000e+01   8.2378233e-01
  -1.9700000e+01   8.2538165e-01
  -1.9600000e+01   8.2697616e-01
  -1.9500000e+01   8.2856582e-01
  -1.9400000e+01   8.3015057e-01
  -1.9300000e+01   8.3173039e-01
  -1.9200000e+01   8.3330523e-01
  -1.9100000e+01   8.3487504e-01
  -1.9000000e+01   8.3643978e-01
  -1.8900000e+01   8.3799942e-01
  -1.8800000e+01   8.3955391e-01
  -1.8700000e+01   8.4110321e-01
  -1.8600000e+01   8.4264727e-01
  -1.8500000e+01   8.4418606e-01
  -1.8400000e+01   8.4571953e-01
  -1.8300000e+01   8.4724764e-01
  -1.8200000e+01   8.4877035e-01
  -1.8100000e+01   8.5028762e-01
  -1.8000000e+01   8.5179941e-01
  -1.7900000e+01   8.5330567e-01
  -1.7800000e+01   8.5480636e-01
  -1.7700000e+01   8.5630145e-01
  -1.7600000e+01   8.5779089e-01
  -1.7500000e+01   8.5927464e-01
  -1.7400000e+01   8.6075266e-01
  -1.7300000e+01   8.6222491e-01
  -1.7200000e+01   8.6369135e-01
  -1.7100000e+01   8.6515193e-01
  -1.7000000e+01   8.6660662e-01
  -1.6900000e+01   8.6805538e-01
  -1.6800000e+01   8.6949816e-01
  -1.6700000e+01   8.7093492e-01
  -1.6600000e+01   8.7236563e-01
  -1.6500000e+01   8.7379025e-01
  -1.6400000e+01   8.7520873e-01
  -1.6300000e+01   8.7662103e-01
  -1.6200000e+01   8.7802712e-01
  -1.6100000e+01   8.7942695e-01
  -1.6000000e+01   8.8082048e-01
  -1.5900000e+01   8.8220769e-01
  -1.5800000e+01   8.8358851e-01
  -1.5700000e+01   8.8496293e-01
  -1.5600000e+01   8.8633089e-01
  -1.5500000e+01   8.8769235e-01
  -1.5400000e+01   8.8904729e-01
  -1.5300000e+01   8.9039566e-01
  -1.5200000e+01   8.9173742e-01
  -1.5100000e+01   8.9307253e-01
  -1.5000000e+01   8.9440096e-01
  -1.4900000e+01   8.9572266e-01
  -1.4800000e+01   8.9703760e-01
  -1.4700000e+01   8.9834574e-01
  -1.4600000e+01   8.9964704e-01
  -1.4500000e+01   9.0094146e-01
  -1.4400000e+01   9.0222897e-01
  -1.4300000e+01   9.0350953e-01
  -1.4200000e+01   9.0478310e-01
  -1.4100000e+01   9.0604965e-01
  -1.4000000e+01   9.0730913e-01
  -1.3900000e+01   9.0856151e-01
  -1.3800000e+01   9.0980676e-01
  -1.3700000e+01   9.1104483e-01
  -1.3600000e+01   9.1227569e-01
  -1.3500000e+01   9.1349930e-01
  -1.3400000e+01   9.1471564e-01
  -1.3300000e+01   9.1592465e-01
  -1.3200000e+01   9.1712631e-01
  -1.3100000e+01   9.1832058e-01
  -1.3000000e+01   9.1950743e-01
  -1.2900000e+01   9.2068681e-01
  -1.2800000e+01   9.2185870e-01
  -1.2700000e+01   9.2302306e-01
  -1.2600000e+01   9.2417985e-01
  -1.2500000e+01   9.2532905e-01
  -1.2400000e+01   9.2647061e-01
  -1.2300000e+01   9.2760450e-01
  -1.2200000e+01   9.2873068e-01
  -1.2100000e+01   9.2984913e-01
  -1.2000000e+01   9.3095982e-01
  -1.1900000e+01   9.3206269e-01
  -1.1800000e+01   9.3315773e-01
  -1.1700000e+01   9.3424490e-01
  -1.1600000e+01   9.3532417e-01
  -1.1500000e+01   9.3639550e-01
  -1.1400000e+01   9.3745887e-01
  -1.1300000e+01   9.3851423e-01
  -1.1200000e+01   9.3956156e-01
  -1.1100000e+01   9.4060083e-01
  -1.1000000e+01   9.4163200e-01
  -1.0900000e+01   9.4265504e-01
  -1.0800000e+01   9.4366992e-01
  -1.0700000e+01   9.4467662e-01
  -1.0600000e+01   9.4567509e-01
  -1.0500000e+01   9.4666531e-01
  -1.0400000e+01   9.4764726e-01
  -1.0300000e+01   9.4862089e-01
  -1.0200000e+01   9.4958617e-01
  -1.0100000e+01   9.5054309e-01
  -1.0000000e+01   9.5149161e-01
  -9.9000000e+00   9.5243169e-01
  -9.8000000e+00   9.5336332e-01
  -9.7000000e+00   9.5428646e-01
  -9.6000000e+00   9.5520109e-01
  -9.5000000e+00   9.5610716e-01
  -9.4000000e+00   9.5700467e-01
  -9.3000000e+00   9.5789358e-01
  -9.2000000e+00   9.5877385e-01
  -9.1000000e+00   9.5964547e-01
  -9.0000000e+00   9.6050841e-01
  -8.9000000e+00   9.6136264e-01
  -8.8000000e+00   9.6220814e-01
  -8.7000000e+00   9.6304487e-01
  -8.6000000e+00   9.6387281e-01
  -8.5000000e+00   9.6469194e-01
  -8.4000000e+00   9.6550223e-01
  -8.3000000e+00   9.6630365e-01
  -8.2000000e+00   9.6709618e-01
  -8.1000000e+00   9.6787980e-01
  -8.0000000e+00   9.6865447e-01
  -7.9000000e+00   9.6942019e-01
  -7.8000000e+00   9.7017691e-01
  -7.7000000e+00   9.7092462e-01
  -7.6000000e+00   9.7166330e-01
  -7.5000000e+00   9.7239291e-01
  -7.4000000e+00   9.7311345e-01
  -7.3000000e+00   9.7382488e-01
  -7.2000000e+00   9.7452718e-01
  -7.1000000e+00   9.7522033e-01
  -7.0000000e+00   9.7590431e-01
  -6.9000000e+00   9.7657910e-01
  -6.8000000e+00   9.7724467e-01
  -6.7000000e+00   9.7790101e-01
  -6.6000000e+00   9.7854809e-01
  -6.5000000e+00   9.7918590e-01
  -6.4000000e+00   9.7981441e-01
  -6.3000000e+00   9.8043360e-01
  -6.2000000e+00   9.8104345e-01
  -6.1000000e+00   9.8164395e-01
  -6.0000000e+00   9.8223507e-01
  -5.9000000e+00   9.8281680e-01
  -5.8000000e+00   9.8338911e-01
  -5.7000000e+00   9.8395200e-01
  -5.6000000e+00   9.8450543e-01
  -5.5000000e+00   9.8504940e-01
  -5.4000000e+00   9.8558388e-01
  -5.3000000e+00   9.8610887e-01
  -5.2000000e+00   9.8662433e-01
  -5.1000000e+00   9.8713026e-01
  -5.0000000e+00   9.8762664e-01
  -4.9000000e+00   9.8811346e-01
  -4.8000000e+00   9.8859069e-01
  -4.7000000e+00   9.8905832e-01
  -4.6000000e+00   9.8951634e-01
  -4.5000000e+00   9.8996474e-01
  -4.4000000e+00   9.9040349e-01
  -4.3000000e+00   9.9083259e-01
  -4.2000000e+00   9.9125201e-01
  -4.1000000e+00   9.9166176e-01
  -4.0000000e+00   9.9206181e-01
  -3.9000000e+00   9.9245215e-01
  -3.8000000e+00   9.9283276e-01
  -3.7000000e+00   9.9320365e-01
  -3.6000000e+00   9.9356478e-01
  -3.5000000e+00   9.9391616e-01
  -3.4000000e+00   9.9425778e-01
  -3.3000000e+00   9.9458961e-01
  -3.2000000e+00   9.9491165e-01
  -3.1000000e+00   9.9522389e-01
  -3.0000000e+00   9.9552632e-01
  -2.9000000e+00   9.9581893e-01
  -2.8000000e+00   9.9610170e-01
  -2.7000000e+00   9.9637464e-01
  -2.6000000e+00   9.9663773e-01
  -2.5000000e+00   9.9689097e-01
  -2.4000000e+00   9.9713434e-01
  -2.3000000e+00   9.9736783e-01
  -2.2000000e+00   9.9759145e-01
  -2.1000000e+00   9.9780518e-01
  -2.0000000e+00   9.9800901e-01
  -1.9000000e+00   9.9820294e-01
  -1.8000000e+00   9.9838697e-01
  -1.7000000e+00   9.9856108e-01
  -1.6000000e+00   9.9872527e-01
  -1.5000000e+00   9.9887954e-01
  -1.4000000e+00   9.9902388e-01
  -1.3000000e+00   9.9915828e-01
  -1.2000000e+00   9.9928275e-01
  -1.1000000e+00   9.9939727e-01
  -1.0000000e+00   9.9950185e-01
  -9.0000000e-01   9.9959648e-01
  -8.0000000e-01   9.9968115e-01
  -7.0000000e-01   9.9975587e-01
  -6.0000000e-01   9.9982063e-01
  -5.0000000e-01   9.9987544e-01
  -4.0000000e-01   9.9992028e-01
  -3.0000000e-01   9.9995516e-01
  -2.0000000e-01   9.9998007e-01
  -1.0000000e-01   9.9999502e-01
   0.0000000e+00   1.0000000e+00
   1.0000000e-01   9.9999502e-01
   2.0000000e-01   9.9998007e-01
   3.0000000e-01   9.9995516e-01
   4.0000000e-01   9.9992028e-01
   5.0000000e-01   9.9987544e-01
   6.0000000e-01   9.9982063e-01
   7.0000000e-01   9.9975587e-01
   8.0000000e-01   9.9968115e-01
   9.0000000e-01   9.9959648e-01
   1.0000000e+00   9.9950185e-01
   1.1000000e+00   9.9939727e-01
   1.2000000e+00   9.9928275e-01
   1.3000000e+00   9.9915828e-01
   1.4000000e+00   9.9902388e-01
   1.5000000e+00   9.9887954e-01
   1.6000000e+00   9.9872527e-01
   1.7000000e+00   9.9856108e-01
   1.8000000e+00   9.9838697e-01
   1.9000000e+00   9.9820294e-01
   2.0000000e+00   9.9800901e-01
   2.1000000e+00   9.9780518e-01
   2.2000000e+00   9.9759145e-01
   2.3000000e+00   9.9736783e-01
   2.4000000e+00   9.9713434e-01
   2.5000000e+00   9.9689097e-01
   2.6000000e+00   9.9663773e-01
   2.7000000e+00   9.9637464e-01
   2.8000000e+00   9.9610170e-01
   2.9000000e+00   9.9581893e-01
   3.0000000e+00   9.9552632e-01
   3.1000000e+00   9.9522389e-01
   3.2000000e+00   9.9491165e-01
   3.3000000e+00   9.9458961e-01
   3.4000000e+00   9.9425778e-01
   3.5000000e+00   9.9391616e-01
   3.6000000e+00   9.9356478e-01
   3.7000000e+00   9.9320365e-01
   3.8000000e+00   9.9283276e-01
   3.9000000e+00   9.9245215e-01
   4.0000000e+00   9.9206181e-01
   4.1000000e+00   9.9166176e-01
   4.2000000e+00   9.9125201e-01
   4.3000000e+00   9.9083259e-01
   4.4000000e+00   9.9040349e-01
   4.5000000e+00   9.8996474e-01
   4.6000000e+00   9.8951634e-01
   4.7000000e+00   9.8905832e-01
   4.8000000e+00   9.8859069e-01
   4.9000000e+00   9.8811346e-01
   5.0000000e+00   9.8762664e-01
   5.1000000e+00   9.8713026e-01
   5.2000000e+00   9.8662433e-01
   5.3000000e+00   9.8610887e-01
   5.4000000e+00   9.8558388e-01
   5.5000000e+00   9.8504940e-01
   5.6000000e+00   9.8450543e-01
   5.7000000e+00   9.8395200e-01
   5.8000000e+00   9.8338911e-01
   5.9000000e+00   9.8281680e-01
   6.0000000e+00   9.8223507e-01
   6.1000000e+00   9.8164395e-01
   6.2000000e+00   9.8104345e-01
   6.3000000e+00   9.8043360e-01
   6.4000000e+00   9.7981441e-01
   6.5000000e+00   9.7918590e-01
   6.6000000e+00   9.7854809e-01
   6.7000000e+00   9.7790101e-01
   6.8000000e+00   9.7724467e-01
   6.9000000e+00   9.7657910e-01
   7.0000000e+00   9.7590431e-01
   7.1000000e+00   9.7522033e-01
   7.2000000e+00   9.7452718e-01
   7.3000000e+00   9.7382488e-01
   7.4000000e+00   9.7311345e-01
   7.5000000e+00   9.7239291e-01
   7.6000000e+00   9.7166330e-01
   7.7000000e+00   9.7092462e-01
   7.8000000e+00   9.7017691e-01
   7.9000000e+00   9.6942019e-01
   8.0000000e+00   9.6865447e-01
   8.1000000e+00   9.6787980e-01
   8.2000000e+00   9.6709618e-01
   8.3000000e+00   9.6630365e-01
   8.4000000e+00   9.6550223e-01
   8.5000000e+00   9.6469194e-01
   8.6000000e+00   9.6387281e-01
   8.7000000e+00   9.6304487e-01
   8.8000000e+00   9.6220814e-01
   8.9000000e+00   9.6136264e-01
   9.0000000e+00   9.6050841e-01
   9.1000000e+00   9.5964547e-01
   9.2000000e+00   9.5877385e-01
   9.3000000e+00   9.5789358e-01
   9.4000000e+00   9.5700467e-01
   9.5000000e+00   9.5610716e-01
   9.6000000e+00   9.5520109e-01
   9.7000000e+00   9.5428646e-01
   9.8000000e+00   9.5336332e-01
   9.9000000e+00   9.5243169e-01
   1.0000000e+01   9.5149161e-01
   1.0100000e+01   9.5054309e-01
   1.0200000e+01   9.4958617e-01
   1.0300000e+01   9.4862089e-01
   1.0400000e+01   9.4764726e-01
   1.0500000e+01   9.4666531e-01
   1.0600000e+01   9.4567509e-01
   1.0700000e+01   9.4467662e-01
   1.0800000e+01   9.4366992e-01
   1.0900000e+01   9.4265504e-01
   1.1000000e+01   9.4163200e-01
   1.1100000e+01   9.4060083e-01
   1.1200000e+01   9.3956156e-01
   1.1300000e+01   9.3851423e-01
   1.1400000e+01   9.3745887e-01
   1.1500000e+01   9.3639550e-01
   1.1600000e+01   9.3532417e-01
   1.1700000e+01   9.3424490e-01
   1.1800000e+01   9.3315773e-01
   1.1900000e+01   9.3206269e-01
   1.2000000e+01   9.3095982e-01
   1.2100000e+01   9.2984913e-01
   1.2200000e+01   9.2873068e-01
   1.2300000e+01   9.2760450e-01
   1.2400000e+01   9.2647061e-01
   1.2500000e+01   9.2532905e-01
   1.2600000e+01   9.2417985e-01
   1.2700000e+01   9.2302306e-01
   1.2800000e+01   9.2185870e-01
   1.2900000e+01   9.2068681e-01
   1.3000000e+01   9.1950743e-01
   1.3100000e+01   9.1832058e-01
   1.3200000e+01   9.1712631e-01
   1.3300000e+01   9.1592465e-01
   1.3400000e+01   9.1471564e-01
   1.3500000e+01   9.1349930e-01
   1.3600000e+01   9.1227569e-01
   1.3700000e+01   9.1104483e-01
   1.3800000e+01   9.0980676e-01
   1.3900000e+01   9.0856151e-01
   1.4000000e+01   9.0730913e-01
   1.4100000e+01   9.0604965e-01
   1.4200000e+01   9.0478310e-01
   1.4300000e+01   9.0350953e-01
   1.4400000e+01   9.0222897e-01
   1.4500000e+01   9.0094146e-01
   1.4600000e+01   8.9964704e-01
   1.4700000e+01   8.9834574e-01
   1.4800000e+01   8.9703760e-01
   1.4900000e+01   8.9572266e-01
   1.5000000e+01   8.9440096e-01
   1.5100000e+01   8.9307253e-01
   1.5200000e+01   8.9173742e-01
   1.5300000e+01   8.9039566e-01
   1.5400000e+01   8.8904729e-01
   1.5500000e+01   8.8769235e-01
   1.5600000e+01   8.8633089e-01
   1.5700000e+01   8.8496293e-01
   1.5800000e+01   8.8358851e-01
   1.5900000e+01   8.8220769e-01
   1.6000000e+01   8.8082048e-01
   1.6100000e+01   8.7942695e-01
   1.6200000e+01   8.7802712e-01
   1.6300000e+01   8.7662103e-01
   1.6400000e+01   8.7520873e-01
   1.6500000e+01   8.7379025e-01
   1.6600000e+01   8.7236563e-01
   1.6700000e+01   8.7093492e-01
   1.6800000e+01   8.6949816e-01
   1.6900000e+01   8.6805538e-01
   1.7000000e+01   8.6660662e-01
   1.7100000e+01   8.6515193e-01
   1.7200000e+01   8.6369135e-01
   1.7300000e+01   8.6222491e-01
   1.7400000e+01   8.6075266e-01
   1.7500000e+01   8.5927464e-01
   1.7600000e+01   8.5779089e-01
   1.7700000e+01   8.5630145e-01
   1.7800000e+01   8.5480636e-01
   1.7900000e+01   8.5330567e-01
   1.8000000e+01   8.5179941e-01
   1.8100000e+01   8.5028762e-01
   1.8200000e+01   8.4877035e-01
   1.8300000e+01   8.4724764e-01
   1.8400000e+01   8.4571953e-01
   1.8500000e+01   8.4418606e-01
   1.8600000e+01   8.4264727e-01
   1.8700000e+01   8.4110321e-01
   1.8800000e+01   8.3955391e-01
   1.8900000e+01   8.3799942e-01
   1.9000000e+01   8.3643978e-01
   1.9100000e+01   8.3487504e-01
   1.9200000e+01   8.3330523e-01
   1.9300000e+01   8.3173039e-01
   1.9400000e+01   8.3015057e-01
   1.9500000e+01   8.2856582e-01
   1.9600000e+01   8.2697616e-01
   1.9700000e+01   8.2538165e-01
   1.9800000e+01   8.2378233e-01
   1.9900000e+01   8.2217824e-01
   2.0000000e+01   8.2056941e-01
   2.0100000e+01   8.1895590e-01
   2.0200000e+01   8.1733775e-01
   2.0300000e+01   8.1571500e-01
   2.0400000e+01   8.1408769e-01
   2.0500000e+01   8.1245586e-01
   2.0600000e+01   8.1081955e-01
   2.0700000e+01   8.0917882e-01
   2.0800000e+01   8.0753369e-01
   2.0900000e+01   8.0588422e-01
   2.1000000e+01   8.0423045e-01
   2.1100000e+01   8.0257241e-01
   2.1200000e+01   8.0091016e-01
   2.1300000e+01   7.9924372e-01
   2.1400000e+01   7.9757316e-01
   2.1500000e+01   7.9589850e-01
   2.1600000e+01   7.9421980e-01
   2.1700000e+01   7.9253708e-01
   2.1800000e+01   7.9085041e-01
   2.1900000e+01   7.8915981e-01
   2.2000000e+01   7.8746534e-01
   2.2100000e+01   7.8576703e-01
   2.2200000e+01   7.8406492e-01
   2.2300000e+01   7.8235907e-01
   2.2400000e+01   7.8064950e-01
   2.2500000e+01   7.7893627e-01
   2.2600000e+01   7.7721942e-01
   2.2700000e+01   7.7549899e-01
   2.2800000e+01   7.7377502e-01
   2.2900000e+01   7.7204755e-01
   2.3000000e+01   7.7031663e-01
   2.3100000e+01   7.6858229e-01
   2.3200000e+01   7.6684459e-01
   2.3300000e+01   7.6510356e-01
   2.3400000e+01   7.6335925e-01
   2.3500000e+01   7.6161169e-01
   2.3600000e+01   7.5986094e-01
   2.3700000e+01   7.5810703e-01
   2.3800000e+01   7.5635000e-01
   2.3900000e+01   7.5458990e-01
   2.4000000e+01   7.5282676e-01
   2.4100000e+01   7.5106064e-01
   2.4200000e+01   7.4929157e-01
   2.4300000e+01   7.4751959e-01
   2.4400000e+01   7.4574475e-01
   2.4500000e+01   7.4396709e-01
   2.4600000e+01   7.4218665e-01
   2.4700000e+01   7.4040347e-01
   2.4800000e+01   7.3861759e-01
   2.4900000e+01   7.3682906e-01
   2.5000000e+01   7.3503792e-01
   2.5100000e+01   7.3324420e-01
   2.5200000e+01   7.3144795e-01
   2.5300000e+01   7.2964921e-01
   2.5400000e+01   7.2784802e-01
   2.5500000e+01   7.2604443e-01
   2.5600000e+01   7.2423847e-01
   2.5700000e+01   7.2243019e-01
   2.5800000e+01   7.2061962e-01
   2.5900000e+01   7.1880681e-01
   2.6000000e+01   7.1699180e-01
   2.6100000e+01   7.1517462e-01
   2.6200000e+01   7.1335533e-01
   2.6300000e+01   7.1153396e-01
   2.6400000e+01   7.0971054e-01
   2.6500000e+01   7.0788513e-01
   2.6600000e+01   7.0605776e-01
   2.6700000e+01   7.0422847e-01
   2.6800000e+01   7.0239730e-01
   2.6900000e+01   7.0056430e-01
   2.7000000e+01   6.9872950e-01
   2.7100000e+01   6.9689294e-01
   2.7200000e+01   6.9505466e-01
   2.7300000e+01   6.9321470e-01
   2.7400000e+01   6.9137310e-01
   2.7500000e+01   6.8952991e-01
   2.7600000e+01   6.8768515e-01
   2.7700000e+01   6.8583888e-01
   2.7800000e+01   6.8399112e-01
   2.7900000e+01   6.8214192e-01
   2.8000000e+01   6.8029132e-01
   2.8100000e+01   6.7843936e-01
   2.8200000e+01   6.7658607e-01
   2.8300000e+01   6.7473149e-01
   2.8400000e+01   6.7287567e-01
   2.8500000e+01   6.7101863e-01
   2.8600000e+01   6.6916043e-01
   2.8700000e+01   6.6730109e-01
   2.8800000e+01   6.6544066e-01
   2.8900000e+01   6.6357917e-01
   2.9000000e+01   6.6171666e-01
   2.9100000e+01   6.5985318e-01
   2.9200000e+01   6.5798875e-01
   2.9300000e+01   6.5612341e-01
   2.9400000e+01   6.5425721e-01
   2.9500000e+01   6.5239018e-01
   2.9600000e+01   6.5052235e-01
   2.9700000e+01   6.4865377e-01
   2.9800000e+01   6.4678447e-01
   2.9900000e+01   6.4491448e-01
   3.0000000e+01   6.4304385e-01
   3.0100000e+01   6.4117261e-01
   3.0200000e+01   6.3930080e-01
   3.0300000e+01   6.3742846e-01
   3.0400000e+01   6.3555561e-01
   3.0500000e+01   6.3368230e-01
   3.0600000e+01   6.3180856e-01
   3.0700000e+01   6.2993443e-01
   3.0800000e+01   6.2805995e-01
   3.0900000e+01   6.2618514e-01
   3.1000000e+01   6.2431005e-01
   3.1100000e+01   6.2243471e-01
   3.1200000e+01   6.2055915e-01
   3.1300000e+01   6.1868341e-01
   3.1400000e+01   6.1680753e-01
   3.1500000e+01   6.1493154e-01
   3.1600000e+01   6.1305547e-01
   3.1700000e+01   6.1117936e-01
   3.1800000e+01   6.0930324e-01
   3.1900000e+01   6.0742716e-01
   3.2000000e+01   6.0555113e-01
   3.2100000e+01   6.0367519e-01
   3.2200000e+01   6.0179939e-01
   3.2300000e+01   5.9992375e-01
   3.2400000e+01   5.9804830e-01
   3.2500000e+01   5.9617309e-01
   3.2600000e+01   5.9429813e-01
   3.2700000e+01   5.9242347e-01
   3.2800000e+01   5.9054914e-01
   3.2900000e+01   5.8867517e-01
   3.3000000e+01   5.8680159e-01
   3.3100000e+01   5.8492844e-01
   3.3200000e+01   5.8305574e-01
   3.3300000e+01   5.8118354e-01
   3.3400000e+01   5.7931185e-01
   3.3500000e+01   5.7744072e-01
   3.3600000e+01   5.7557018e-01
   3.3700000e+01   5.7370025e-01
   3.3800000e+01   5.7183097e-01
   3.3900000e+01   5.6996237e-01
   3.4000000e+01   5.6809448e-01
   3.4100000e+01   5.6622733e-01
   3.4200000e+01   5.6436095e-01
   3.4300000e+01   5.6249537e-01
   3.4400000e+01   5.6063062e-01
   3.4500000e+01   5.5876674e-01
   3.4600000e+01   5.5690375e-01
   3.4700000e+01   5.5504168e-01
   3.4800000e+01   5.5318056e-01
   3.4900000e+01   5.5132043e-01
   3.5000000e+01   5.4946130e-01
   3.5100000e+01   5.4760322e-01
   3.5200000e+01   5.4574620e-01
   3.5300000e+01   5.4389029e-01
   3.5400000e+01   5.4203550e-01
   3.5500000e+01   5.4018186e-01
   3.5600000e+01   5.3832941e-01
   3.5700000e+01   5.3647817e-01
   3.5800000e+01   5.3462817e-01
   3.5900000e+01   5.3277944e-01
   3.6000000e+01   5.3093200e-01
   3.6100000e+01   5.2908589e-01
   3.6200000e+01   5.2724113e-01
   3.6300000e+01   5.2539775e-01
   3.6400000e+01   5.2355577e-01
   3.6500000e+01   5.2171522e-01
   3.6600000e+01   5.1987613e-01
   3.6700000e+01   5.1803852e-01
   3.6800000e+01   5.1620243e-01
   3.6900000e+01   5.1436788e-01
   3.7000000e+01   5.1253489e-01
   3.7100000e+01   5.1070348e-01
   3.7200000e+01   5.0887370e-01
   3.7300000e+01   5.0704555e-01
   3.7400000e+01   5.0521907e-01
   3.7500000e+01   5.0339429e-01
   3.7600000e+01   5.0157122e-01
   3.7700000e+01   4.9974989e-01
   3.7800000e+01   4.9793033e-01
   3.7900000e+01   4.9611255e-01
   3.8000000e+01   4.9429660e-01
   3.8100000e+01   4.9248248e-01
   3.8200000e+01   4.9067023e-01
   3.8300000e+01   4.8885986e-01
   3.8400000e+01   4.8705140e-01
   3.8500000e+01   4.8524488e-01
   3.8600000e+01   4.8344032e-01
   3.8700000e+01   4.8163774e-01
   3.8800000e+01   4.7983716e-01
   3.8900000e+01   4.7803861e-01
   3.9000000e+01   4.7624211e-01
   3.9100000e+01   4.7444768e-01
   3.9200000e+01   4.7265535e-01
   3.9300000e+01   4.7086513e-01
   3.9400000e+01   4.6907705e-01
   3.9500000e+01   4.6729113e-01
   3.9600000e+01   4.6550740e-01
   3.9700000e+01   4.6372587e-01
   3.9800000e+01   4.6194656e-01
   3.9900000e+01   4.6016950e-01
   4.0000000e+01   4.5839471e-01
   4.0100000e+01   4.5662221e-01
   4.0200000e+01   4.5485201e-01
   4.0300000e+01   4.5308415e-01
   4.0400000e+01   4.5131863e-01
   4.0500000e+01   4.4955548e-01
   4.0600000e+01   4.4779473e-01
   4.0700000e+01   4.4603638e-01
   4.0800000e+01   4.4428047e-01
   4.0900000e+01   4.4252700e-01
   4.1000000e+01   4.4077600e-01
   4.1100000e+01   4.3902749e-01
   4.1200000e+01   4.3728148e-01
   4.1300000e+01   4.3553800e-01
   4.1400000e+01   4.3379707e-01
   4.1500000e+01   4.3205870e-01
   4.1600000e+01   4.3032290e-01
   4.1700000e+01   4.2858971e-01
   4.1800000e+01   4.2685914e-01
   4.1900000e+01   4.2513119e-01
   4.2000000e+01   4.2340591e-01
   4.2100000e+01   4.2168329e-01
   4.2200000e+01   4.1996336e-01
   4.2300000e+01   4.1824614e-01
   4.2400000e+01   4.1653163e-01
   4.2500000e+01   4.1481987e-01
   4.2600000e+01   4.1311086e-01
   4.2700000e+01   4.1140462e-01
   4.2800000e+01   4.0970118e-01
   4.2900000e+01   4.0800053e-01
   4.3000000e+01   4.0630271e-01
   4.3100000e+01   4.0460772e-01
   4.3200000e+01   4.0291559e-01
   4.3300000e+01   4.0122633e-01
   4.3400000e+01   3.9953995e-01
   4.3500000e+01   3.9785646e-01
   4.3600000e+01   3.9617590e-01
   4.3700000e+01   3.9449826e-01
   4.3800000e+01   3.9282356e-01
   4.3900000e+01   3.9115182e-01
   4.4000000e+01   3.8948306e-01
   4.4100000e+01   3.8781729e-01
   4.4200000e+01   3.8615451e-01
   4.4300000e+01   3.8449475e-01
   4.4400000e+01   3.8283802e-01
   4.4500000e+01   3.8118434e-01
   4.4600000e+01   3.7953371e-01
   4.4700000e+01   3.7788615e-01
   4.4800000e+01   3.7624168e-01
   4.4900000e+01   3.7460030e-01
   4.5000000e+01   3.7296203e-01
   4.5100000e+01   3.7132689e-01
   4.5200000e+01   3.6969488e-01
   4.5300000e+01   3.6806602e-01
   4.5400000e+01   3.6644031e-01
   4.5500000e+01   3.6481779e-01
   4.5600000e+01   3.6319844e-01
   4.5700000e+01   3.6158230e-01
   4.5800000e+01   3.5996936e-01
   4.5900000e+01   3.5835964e-01
   4.6000000e+01   3.5675315e-01
   4.6100000e+01   3.5514991e-01
   4.6200000e+01   3.5354992e-01
   4.6300000e+01   3.5195319e-01
   4.6400000e+01   3.5035975e-01
   4.6500000e+01   3.4876958e-01
   4.6600000e+01   3.4718272e-01
   4.6700000e+01   3.4559917e-01
   4.6800000e+01   3.4401893e-01
   4.6900000e+01   3.4244202e-01
   4.7000000e+01   3.4086846e-01
   4.7100000e+01   3.3929824e-01
   4.7200000e+01   3.3773138e-01
   4.7300000e+01   3.3616789e-01
   4.7400000e+01   3.3460777e-01
   4.7500000e+01   3.3305105e-01
   4.7600000e+01   3.3149772e-01
   4.7700000e+01   3.2994780e-01
   4.7800000e+01   3.2840129e-01
   4.7900000e+01   3.2685821e-01
   4.8000000e+01   3.2531855e-01
   4.8100000e+01   3.2378234e-01
   4.8200000e+01   3.2224958e-01
   4.8300000e+01   3.2072028e-01
   4.8400000e+01   3.1919445e-01
   4.8500000e+01   3.1767209e-01
   4.8600000e+01   3.1615321e-01
   4.8700000e+01   3.1463782e-01
   4.8800000e+01   3.1312593e-01
   4.8900000e+01   3.1161755e-01
   4.9000000e+01   3.1011268e-01
   4.9100000e+01   3.0861133e-01
   4.9200000e+01   3.0711351e-01
   4.9300000e+01   3.0561922e-01
   4.9400000e+01   3.0412847e-01
   4.9500000e+01   3.0264128e-01
   4.9600000e+01   3.0115764e-01
   4.9700000e+01   2.9967756e-01
   4.9800000e+01   2.9820105e-01
   4.9900000e+01   2.9672811e-01
   5.0000000e+01   2.9525876e-01
   5.0100000e+01   2.9379299e-01
   5.0200000e+01   2.9233082e-01
   5.0300000e+01   2.9087224e-01
   5.0400000e+01   2.8941727e-01
   5.0500000e+01   2.8796592e-01
   5.0600000e+01   2.8651817e-01
   5.0700000e+01   2.8507406e-01
   5.0800000e+01   2.8363356e-01
   5.0900000e+01   2.8219670e-01
   5.1000000e+01   2.8076348e-01
   5.1100000e+01   2.7933390e-01
   5.1200000e+01   2.7790797e-01
   5.1300000e+01   2.7648569e-01
   5.1400000e+01   2.7506707e-01
   5.1500000e+01   2.7365210e-01
   5.1600000e+01   2.7224081e-01
   5.1700000e+01   2.7083318e-01
   5.1800000e+01   2.6942923e-01
   5.1900000e+01   2.6802896e-01
   5.2000000e+01   2.6663237e-01
   5.2100000e+01   2.6523947e-01
   5.2200000e+01   2.6385026e-01
   5.2300000e+01   2.6246475e-01
   5.2400000e+01   2.6108293e-01
   5.2500000e+01   2.5970481e-01
   5.2600000e+01   2.5833040e-01
   5.2700000e+01   2.5695970e-01
   5.2800000e+01   2.5559271e-01
   5.2900000e+01   2.5422943e-01
   5.3000000e+01   2.5286988e-01
   5.3100000e+01   2.5151404e-01
   5.3200000e+01   2.5016193e-01
   5.3300000e+01   2.4881354e-01
   5.3400000e+01   2.4746888e-01
   5.3500000e+01   2.4612796e-01
   5.3600000e+01   2.4479077e-01
   5.3700000e+01   2.4345732e-01
   5.3800000e+01   2.4212761e-01
   5.3900000e+01   2.4080163e-01
   5.4000000e+01   2.3947941e-01
   5.4100000e+01   2.3816092e-01
   5.4200000e+01   2.3684619e-01
   5.4300000e+01   2.3553521e-01
   5.4400000e+01   2.3422797e-01
   5.4500000e+01   2.3292449e-01
   5.4600000e+01   2.3162477e-01
   5.4700000e+01   2.3032880e-01
   5.4800000e+01   2.2903659e-01
   5.4900000e+01   2.2774814e-01
   5.5000000e+01   2.2646345e-01
   5.5100000e+01   2.2518253e-01
   5.5200000e+01   2.2390536e-01
   5.5300000e+01   2.2263196e-01
   5.5400000e+01   2.2136233e-01
   5.5500000e+01   2.2009646e-01
   5.5600000e+01   2.1883436e-01
   5.5700000e+01   2.1757603e-01
   5.5800000e+01   2.1632147e-01
   5.5900000e+01   2.1507067e-01
   5.6000000e+01   2.1382365e-01
   5.6100000e+01   2.1258040e-01
   5.6200000e+01   2.1134091e-01
   5.6300000e+01   2.1010520e-01
   5.6400000e+01   2.0887326e-01
   5.6500000e+01   2.0764510e-01
   5.6600000e+01   2.0642070e-01
   5.6700000e+01   2.0520008e-01
   5.6800000e+01   2.0398323e-01
   5.6900000e+01   2.0277015e-01
   5.7000000e+01   2.0156084e-01
   5.7100000e+01   2.0035531e-01
   5.7200000e+01   1.9915355e-01
   5.7300000e+01   1.9795556e-01
   5.7400000e+01   1.9676134e-01
   5.7500000e+01   1.9557089e-01
   5.7600000e+01   1.9438421e-01
   5.7700000e+01   1.9320130e-01
   5.7800000e+01   1.9202216e-01
   5.7900000e+01   1.9084679e-01
   5.8000000e+01   1.8967519e-01
   5.8100000e+01   1.8850736e-01
   5.8200000e+01   1.8734329e-01
   5.8300000e+01   1.8618299e-01
   5.8400000e+01   1.8502645e-01
   5.8500000e+01   1.8387367e-01
   5.8600000e+01   1.8272466e-01
   5.8700000e+01   1.8157941e-01
   5.8800000e+01   1.8043792e-01
   5.8900000e+01   1.7930020e-01
   5.9000000e+01   1.7816623e-01
   5.9100000e+01   1.7703601e-01
   5.9200000e+01   1.7590955e-01
   5.9300000e+01   1.7478685e-01
   5.9400000e+01   1.7366790e-01
   5.9500000e+01   1.7255270e-01
   5.9600000e+01   1.7144125e-01
   5.9700000e+01   1.7033355e-01
   5.9800000e+01   1.6922960e-01
   5.9900000e+01   1.6812940e-01
   6.0000000e+01   1.6703293e-01
   6.0100000e+01   1.6594021e-01
   6.0200000e+01   1.6485123e-01
   6.0300000e+01   1.6376599e-01
   6.0400000e+01   1.6268449e-01
   6.0500000e+01   1.6160672e-01
   6.0600000e+01   1.6053269e-01
   6.0700000e+01   1.5946238e-01
   6.0800000e+01   1.5839581e-01
   6.0900000e+01   1.5733296e-01
   6.1000000e+01   1.5627384e-01
   6.1100000e+01   1.5521845e-01
   6.1200000e+01   1.5416677e-01
   6.1300000e+01   1.5311882e-01
   6.1400000e+01   1.5207458e-01
   6.1500000e+01   1.5103405e-01
   6.1600000e+01   1.4999724e-01
   6.1700000e+01   1.4896414e-01
   6.1800000e+01   1.4793475e-01
   6.1900000e+01   1.4690907e-01
   6.2000000e+01   1.4588709e-01
   6.2100000e+01   1.4486881e-01
   6.2200000e+01   1.4385423e-01
   6.2300000e+01   1.4284335e-01
   6.2400000e+01   1.4183616e-01
   6.2500000e+01   1.4083267e-01
   6.2600000e+01   1.3983286e-01
   6.2700000e+01   1.3883675e-01
   6.2800000e+01   1.3784431e-01
   6.2900000e+01   1.3685556e-01
   6.3000000e+01   1.3587049e-01
   6.3100000e+01   1.3488910e-01
   6.3200000e+01   1.3391138e-01
   6.3300000e+01   1.3293734e-01
   6.3400000e+01   1.3196696e-01
   6.3500000e+01   1.3100025e-01
   6.3600000e+01   1.3003721e-01
   6.3700000e+01   1.2907783e-01
   6.3800000e+01   1.2812211e-01
   6.3900000e+01   1.2717004e-01
   6.4000000e+01   1.2622163e-01
   6.4100000e+01   1.2527687e-01
   6.4200000e+01   1.2433576e-01
   6.4300000e+01   1.2339830e-01
   6.4400000e+01   1.2246448e-01
   6.4500000e+01   1.2153430e-01
   6.4600000e+01   1.2060776e-01
   6.4700000e+01   1.1968485e-01
   6.4800000e+01   1.1876558e-01
   6.4900000e+01   1.1784993e-01
   6.5000000e+01   1.1693792e-01
   6.5100000e+01   1.1602952e-01
   6.5200000e+01   1.1512475e-01
   6.5300000e+01   1.1422360e-01
   6.5400000e+01   1.1332607e-01
   6.5500000e+01   1.1243215e-01
   6.5600000e+01   1.1154184e-01
   6.5700000e+01   1.1065513e-01
   6.5800000e+01   1.0977204e-01
   6.5900000e+01   1.0889254e-01
   6.6000000e+01   1.0801665e-01
   6.6100000e+01   1.0714435e-01
   6.6200000e+01   1.0627565e-01
   6.6300000e+01   1.0541054e-01
   6.6400000e+01   1.0454902e-01
   6.6500000e+01   1.0369109e-01
   6.6600000e+01   1.0283674e-01
   6.6700000e+01   1.0198597e-01
   6.6800000e+01   1.0113877e-01
   6.6900000e+01   1.0029516e-01
   6.7000000e+01   9.9455116e-02
   6.7100000e+01   9.8618643e-02
   6.7200000e+01   9.7785738e-02
   6.7300000e+01   9.6956398e-02
   6.7400000e+01   9.6130621e-02
   6.7500000e+01   9.5308403e-02
   6.7600000e+01   9.4489742e-02
   6.7700000e+01   9.3674636e-02
   6.7800000e+01   9.2863082e-02
   6.7900000e+01   9.2055077e-02
   6.8000000e+01   9.1250619e-02
   6.8100000e+01   9.0449706e-02
   6.8200000e+01   8.9652334e-02
   6.8300000e+01   8.8858502e-02
   6.8400000e+01   8.8068207e-02
   6.8500000e+01   8.7281446e-02
   6.8600000e+01   8.6498217e-02
   6.8700000e+01   8.5718517e-02
   6.8800000e+01   8.4942345e-02
   6.8900000e+01   8.4169697e-02
   6.9000000e+01   8.3400571e-02
   6.9100000e+01   8.2634966e-02
   6.9200000e+01   8.1872878e-02
   6.9300000e+01   8.1114306e-02
   6.9400000e+01   8.0359247e-02
   6.9500000e+01   7.9607699e-02
   6.9600000e+01   7.8859659e-02
   6.9700000e+01   7.8115126e-02
   6.9800000e+01   7.7374097e-02
   6.9900000e+01   7.6636570e-02
   7.0000000e+01   7.5902543e-02
   7.0100000e+01   7.5172014e-02
   7.0200000e+01   7.4444981e-02
   7.0300000e+01   7.3721442e-02
   7.0400000e+01   7.3001395e-02
   7.0500000e+01   7.2284837e-02
   7.0600000e+01   7.1571768e-02
   7.0700000e+01   7.0862184e-02
   7.0800000e+01   7.0156085e-02
   7.0900000e+01   6.9453467e-02
   7.1000000e+01   6.8754330e-02
   7.1100000e+01   6.8058672e-02
   7.1200000e+01   6.7366491e-02
   7.1300000e+01   6.6677785e-02
   7.1400000e+01   6.5992552e-02
   7.1500000e+01   6.5310792e-02
   7.1600000e+01   6.4632501e-02
   7.1700000e+01   6.3957680e-02
   7.1800000e+01   6.3286325e-02
   7.1900000e+01   6.2618436e-02
   7.2000000e+01   6.1954012e-02
   7.2100000e+01   6.1293050e-02
   7.2200000e+01   6.0635550e-02
   7.2300000e+01   5.9981509e-02
   7.2400000e+01   5.9330928e-02
   7.2500000e+01   5.8683804e-02
   7.2600000e+01   5.8040137e-02
   7.2700000e+01   5.7399925e-02
   7.2800000e+01   5.6763166e-02
   7.2900000e+01   5.6129861e-02
   7.3000000e+01   5.5500008e-02
   7.3100000e+01   5.4873606e-02
   7.3200000e+01   5.4250654e-02
   7.3300000e+01   5.3631151e-02
   7.3400000e+01   5.3015096e-02
   7.3500000e+01   5.2402489e-02
   7.3600000e+01   5.1793328e-02
   7.3700000e+01   5.1187614e-02
   7.3800000e+01   5.0585345e-02
   7.3900000e+01   4.9986520e-02
   7.4000000e+01   4.9391140e-02
   7.4100000e+01   4.8799203e-02
   7.4200000e+01   4.8210710e-02
   7.4300000e+01   4.7625660e-02
   7.4400000e+01   4.7044052e-02
   7.4500000e+01   4.6465886e-02
   7.4600000e+01   4.5891162e-02
   7.4700000e+01   4.5319880e-02
   7.4800000e+01   4.4752039e-02
   7.4900000e+01   4.4187640e-02
   7.5000000e+01   4.3626682e-02
   7.5100000e+01   4.3069166e-02
   7.5200000e+01   4.2515092e-02
   7.5300000e+01   4.1964459e-02
   7.5400000e+01   4.1417268e-02
   7.5500000e+01   4.0873519e-02
   7.5600000e+01   4.0333213e-02
   7.5700000e+01   3.9796349e-02
   7.5800000e+01   3.9262929e-02
   7.5900000e+01   3.8732953e-02
   7.6000000e+01   3.8206421e-02
   7.6100000e+01   3.7683333e-02
   7.6200000e+01   3.7163692e-02
   7.6300000e+01   3.6647497e-02
   7.6400000e+01   3.6134749e-02
   7.6500000e+01   3.5625448e-02
   7.6600000e+01   3.5119597e-02
   7.6700000e+01   3.4617196e-02
   7.6800000e+01   3.4118246e-02
   7.6900000e+01   3.3622748e-02
   7.7000000e+01   3.3130703e-02
   7.7100000e+01   3.2642112e-02
   7.7200000e+01   3.2156978e-02
   7.7300000e+01   3.1675301e-02
   7.7400000e+01   3.1197082e-02
   7.7500000e+01   3.0722324e-02
   7.7600000e+01   3.0251027e-02
   7.7700000e+01   2.9783194e-02
   7.7800000e+01   2.9318826e-02
   7.7900000e+01   2.8857925e-02
   7.8000000e+01   2.8400493e-02
   7.8100000e+01   2.7946532e-02
   7.8200000e+01   2.7496043e-02
   7.8300000e+01   2.7049030e-02
   7.8400000e+01   2.6605493e-02
   7.8500000e+01   2.6165436e-02
   7.8600000e+01   2.5728861e-02
   7.8700000e+01   2.5295769e-02
   7.8800000e+01   2.4866164e-02
   7.8900000e+01   2.4440048e-02
   7.9000000e+01   2.4017423e-02
   7.9100000e+01   2.3598293e-02
   7.9200000e+01   2.3182660e-02
   7.9300000e+01   2.2770526e-02
   7.9400000e+01   2.2361896e-02
   7.9500000e+01   2.1956771e-02
   7.9600000e+01   2.1555155e-02
   7.9700000e+01   2.1157051e-02
   7.9800000e+01   2.0762462e-02
   7.9900000e+01   2.0371392e-02
   8.0000000e+01   1.9983844e-02
