   1.0000000e-02   5.8952072e-03   3.0597535e+00
   2.0000000e-02   6.1375329e-03   3.0597535e+00
   3.0000000e-02   6.3898196e-03   3.0597535e+00
   4.0000000e-02   6.6524767e-03   3.0597535e+00
   5.0000000e-02   6.9259304e-03   3.0597535e+00
   6.0000000e-02   7.2106245e-03   3.0597535e+00
   7.0000000e-02   7.5070212e-03   3.0597535e+00
   8.0000000e-02   7.8156014e-03   3.0597535e+00
   9.0000000e-02   8.1368660e-03   3.0597535e+00
   1.0000000e-01   8.4713364e-03   3.0597535e+00
   1.1000000e-01   8.8195553e-03   3.0597535e+00
   1.2000000e-01   9.1820880e-03   3.0597535e+00
   1.3000000e-01   9.5595227e-03   3.0597535e+00
   1.4000000e-01   9.9524722e-03   3.0597535e+00
   1.5000000e-01   1.0361574e-02   3.0597535e+00
   1.6000000e-01   1.0787492e-02   3.0597535e+00
   1.7000000e-01   1.1230918e-02   3.0597535e+00
   1.8000000e-01   1.1692571e-02   3.0597535e+00
   1.9000000e-01   1.2173201e-02   3.0597535e+00
   2.0000000e-01   1.2673587e-02   3.0597535e+00
   2.1000000e-01   1.3194541e-02   3.0597535e+00
   2.2000000e-01   1.3736910e-02   3.0597535e+00
   2.3000000e-01   1.4301573e-02   3.0597535e+00
   2.4000000e-01   1.4889448e-02   3.0597535e+00
   2.5000000e-01   1.5501486e-02   3.0597535e+00
   2.6000000e-01   1.6138684e-02   3.0597535e+00
   2.7000000e-01   1.6802073e-02   3.0597535e+00
   2.8000000e-01   1.7492731e-02   3.0597535e+00
   2.9000000e-01   1.8211780e-02   3.0597535e+00
   3.0000000e-01   1.8960385e-02   3.0597535e+00
   3.1000000e-01   1.9739762e-02   3.0597535e+00
   3.2000000e-01   2.0551176e-02   3.0597535e+00
   3.3000000e-01   2.1395943e-02   3.0597535e+00
   3.4000000e-01   2.2275435e-02   3.0597535e+00
   3.5000000e-01   2.3191079e-02   3.0597535e+00
   3.6000000e-01   2.4144361e-02   3.0597535e+00
   3.7000000e-01   2.5136828e-02   3.0597535e+00
   3.8000000e-01   2.6170091e-02   3.0597535e+00
   3.9000000e-01   2.7245827e-02   3.0597535e+00
   4.0000000e-01   2.8365782e-02   3.0597535e+00
   4.1000000e-01   2.9521498e-02   3.3544370e+00
   4.2000000e-01   3.0703483e-02   3.3544370e+00
   4.3000000e-01   3.1911986e-02   3.3544370e+00
   4.4000000e-01   3.3147265e-02   3.3544370e+00
   4.5000000e-01   3.4409581e-02   3.3544370e+00
   4.6000000e-01   3.5699201e-02   3.3544370e+00
   4.7000000e-01   3.7016399e-02   3.3544370e+00
   4.8000000e-01   3.8361454e-02   3.3544370e+00
   4.9000000e-01   3.9734651e-02   3.3544370e+00
   5.0000000e-01   4.1136281e-02   3.3544370e+00
   5.1000000e-01   4.2566641e-02   3.3544370e+00
   5.2000000e-01   4.4026033e-02   3.3544370e+00
   5.3000000e-01   4.5514769e-02   3.3544370e+00
   5.4000000e-01   4.7033162e-02   3.3544370e+00
   5.5000000e-01   4.8581535e-02   3.3544370e+00
   5.6000000e-01   5.0160215e-02   3.3544370e+00
   5.7000000e-01   5.1769538e-02   3.3544370e+00
   5.8000000e-01   5.3409844e-02   3.3544370e+00
   5.9000000e-01   5.5081481e-02   3.3544370e+00
   6.0000000e-01   5.6784803e-02   3.3544370e+00
   6.1000000e-01   5.8520172e-02   3.3544370e+00
   6.2000000e-01   6.0287955e-02   3.3544370e+00
   6.3000000e-01   6.2088526e-02   3.3544370e+00
   6.4000000e-01   6.3922267e-02   3.3544370e+00
   6.5000000e-01   6.5789567e-02   3.3544370e+00
   6.6000000e-01   6.7690821e-02   3.3544370e+00
   6.7000000e-01   6.9626433e-02   3.3544370e+00
   6.8000000e-01   7.1596813e-02   3.3544370e+00
   6.9000000e-01   7.3602377e-02   3.3544370e+00
   7.0000000e-01   7.5643552e-02   3.3544370e+00
   7.1000000e-01   7.7720770e-02   3.3544370e+00
   7.2000000e-01   7.9834470e-02   3.3544370e+00
   7.3000000e-01   8.1985101e-02   3.3544370e+00
   7.4000000e-01   8.4173119e-02   3.3544370e+00
   7.5000000e-01   8.6398988e-02   3.3544370e+00
   7.6000000e-01   8.8663178e-02   3.3544370e+00
   7.7000000e-01   9.0966170e-02   3.3544370e+00
   7.8000000e-01   9.3308452e-02   3.3544370e+00
   7.9000000e-01   9.5690520e-02   3.3544370e+00
   8.0000000e-01   9.8112880e-02   3.3544370e+00
   8.1000000e-01   1.0057604e-01   3.3544370e+00
   8.2000000e-01   1.0308053e-01   3.3544370e+00
   8.3000000e-01   1.0562688e-01   3.3544370e+00
   8.4000000e-01   1.0821563e-01   3.3544370e+00
   8.5000000e-01   1.1084731e-01   3.3544370e+00
   8.6000000e-01   1.1352251e-01   3.3544370e+00
   8.7000000e-01   1.1624177e-01   3.3544370e+00
   8.8000000e-01   1.1900568e-01   3.3544370e+00
   8.9000000e-01   1.2181482e-01   3.3544370e+00
   9.0000000e-01   1.2466979e-01   3.3544370e+00
   9.1000000e-01   1.2757119e-01   3.3544370e+00
   9.2000000e-01   1.3051964e-01   3.3544370e+00
   9.3000000e-01   1.3351576e-01   3.3544370e+00
   9.4000000e-01   1.3656019e-01   3.3544370e+00
   9.5000000e-01   1.3965356e-01   3.3544370e+00
   9.6000000e-01   1.4279655e-01   3.3544370e+00
   9.7000000e-01   1.4598981e-01   3.3544370e+00
   9.8000000e-01   1.4923402e-01   3.3544370e+00
   9.9000000e-01   1.5252987e-01   3.3544370e+00
   1.0000000e+00   1.5587806e-01   3.3544370e+00
   1.0100000e+00   1.5927929e-01   3.3544370e+00
   1.0200000e+00   1.6273429e-01   3.3544370e+00
   1.0300000e+00   1.6624379e-01   3.3544370e+00
   1.0400000e+00   1.6980853e-01   3.3544370e+00
   1.0500000e+00   1.7342927e-01   3.3544370e+00
   1.0600000e+00   1.7710677e-01   3.3544370e+00
   1.0700000e+00   1.8084182e-01   3.3544370e+00
   1.0800000e+00   1.8463521e-01   3.3544370e+00
   1.0900000e+00   1.8848773e-01   3.3544370e+00
   1.1000000e+00   1.9240022e-01   3.3544370e+00
   1.1100000e+00   1.9637349e-01   3.3544370e+00
   1.1200000e+00   2.0040838e-01   3.3544370e+00
   1.1300000e+00   2.0450576e-01   3.3544370e+00
   1.1400000e+00   2.0866649e-01   3.3544370e+00
   1.1500000e+00   2.1289146e-01   3.3544370e+00
   1.1600000e+00   2.1718155e-01   3.3544370e+00
   1.1700000e+00   2.2153768e-01   3.3544370e+00
   1.1800000e+00   2.2596077e-01   3.3544370e+00
   1.1900000e+00   2.3045176e-01   3.3544370e+00
   1.2000000e+00   2.3501159e-01   3.3544370e+00
   1.2100000e+00   2.3964125e-01   3.3544370e+00
   1.2200000e+00   2.4434170e-01   3.3544370e+00
   1.2300000e+00   2.4911395e-01   3.3544370e+00
   1.2400000e+00   2.5395900e-01   3.3544370e+00
   1.2500000e+00   2.5887788e-01   3.3544370e+00
   1.2600000e+00   2.6387163e-01   3.3544370e+00
   1.2700000e+00   2.6894132e-01   3.3544370e+00
   1.2800000e+00   2.7408801e-01   3.3544370e+00
   1.2900000e+00   2.7931280e-01   3.3544370e+00
   1.3000000e+00   2.8461680e-01   3.3544370e+00
   1.3100000e+00   2.9000112e-01   3.3544370e+00
   1.3200000e+00   2.9546692e-01   3.3544370e+00
   1.3300000e+00   3.0101534e-01   3.3544370e+00
   1.3400000e+00   3.0664756e-01   3.3544370e+00
   1.3500000e+00   3.1236479e-01   3.3544370e+00
   1.3600000e+00   3.1816822e-01   3.3544370e+00
   1.3700000e+00   3.2405909e-01   3.3544370e+00
   1.3800000e+00   3.3003864e-01   3.3544370e+00
   1.3900000e+00   3.3610816e-01   3.3544370e+00
   1.4000000e+00   3.4226891e-01   3.3544370e+00
   1.4100000e+00   3.4846017e-01   3.4945800e+00
   1.4200000e+00   3.5461827e-01   3.4945800e+00
   1.4300000e+00   3.6074011e-01   3.4945800e+00
   1.4400000e+00   3.6682258e-01   3.4945800e+00
   1.4500000e+00   3.7286263e-01   3.4945800e+00
   1.4600000e+00   3.7885721e-01   3.4945800e+00
   1.4700000e+00   3.8480330e-01   3.4945800e+00
   1.4800000e+00   3.9069789e-01   3.4945800e+00
   1.4900000e+00   3.9653802e-01   3.4945800e+00
   1.5000000e+00   4.0232073e-01   3.4945800e+00
   1.5100000e+00   4.0804312e-01   3.4945800e+00
   1.5200000e+00   4.1370229e-01   3.4945800e+00
   1.5300000e+00   4.1929539e-01   3.4945800e+00
   1.5400000e+00   4.2481960e-01   3.4945800e+00
   1.5500000e+00   4.3027213e-01   3.4945800e+00
   1.5600000e+00   4.3565023e-01   3.4945800e+00
   1.5700000e+00   4.4095120e-01   3.4945800e+00
   1.5800000e+00   4.4617235e-01   3.4945800e+00
   1.5900000e+00   4.5131106e-01   3.4945800e+00
   1.6000000e+00   4.5636473e-01   3.4945800e+00
   1.6100000e+00   4.6133081e-01   3.4945800e+00
   1.6200000e+00   4.6620680e-01   3.4945800e+00
   1.6300000e+00   4.7099024e-01   3.4945800e+00
   1.6400000e+00   4.7567871e-01   3.4945800e+00
   1.6500000e+00   4.8026985e-01   3.4945800e+00
   1.6600000e+00   4.8476135e-01   3.4945800e+00
   1.6700000e+00   4.8915094e-01   3.4945800e+00
   1.6800000e+00   4.9343641e-01   3.4945800e+00
   1.6900000e+00   4.9761559e-01   3.4945800e+00
   1.7000000e+00   5.0168638e-01   3.4945800e+00
   1.7100000e+00   5.0564672e-01   3.4945800e+00
   1.7200000e+00   5.0949462e-01   3.4945800e+00
   1.7300000e+00   5.1322813e-01   3.4945800e+00
   1.7400000e+00   5.1684537e-01   3.4945800e+00
   1.7500000e+00   5.2034453e-01   3.4945800e+00
   1.7600000e+00   5.2372382e-01   3.4945800e+00
   1.7700000e+00   5.2698156e-01   3.4945800e+00
   1.7800000e+00   5.3011608e-01   3.4945800e+00
   1.7900000e+00   5.3312583e-01   3.4945800e+00
   1.8000000e+00   5.3600927e-01   3.4945800e+00
   1.8100000e+00   5.3876495e-01   3.4945800e+00
   1.8200000e+00   5.4139148e-01   3.4945800e+00
   1.8300000e+00   5.4388754e-01   3.4945800e+00
   1.8400000e+00   5.4625187e-01   3.4945800e+00
   1.8500000e+00   5.4848328e-01   3.4945800e+00
   1.8600000e+00   5.5058063e-01   3.4945800e+00
   1.8700000e+00   5.5254288e-01   3.4945800e+00
   1.8800000e+00   5.5436903e-01   3.4945800e+00
   1.8900000e+00   5.5605816e-01   3.4945800e+00
   1.9000000e+00   5.5760942e-01   3.4945800e+00
   1.9100000e+00   5.5905614e-01   3.4474400e+00
   1.9200000e+00   5.6043190e-01   3.4474400e+00
   1.9300000e+00   5.6173637e-01   3.4474400e+00
   1.9400000e+00   5.6296920e-01   3.4474400e+00
   1.9500000e+00   5.6413006e-01   3.4474400e+00
   1.9600000e+00   5.6521866e-01   3.4474400e+00
   1.9700000e+00   5.6623471e-01   3.4474400e+00
   1.9800000e+00   5.6717795e-01   3.4474400e+00
   1.9900000e+00   5.6804814e-01   3.4474400e+00
   2.0000000e+00   5.6884504e-01   3.4474400e+00
   2.0100000e+00   5.6956845e-01   3.4474400e+00
   2.0200000e+00   5.7021818e-01   3.4474400e+00
   2.0300000e+00   5.7079406e-01   3.4474400e+00
   2.0400000e+00   5.7129595e-01   3.4474400e+00
   2.0500000e+00   5.7172371e-01   3.4474400e+00
   2.0600000e+00   5.7207722e-01   3.4474400e+00
   2.0700000e+00   5.7235641e-01   3.4474400e+00
   2.0800000e+00   5.7256119e-01   3.4474400e+00
   2.0900000e+00   5.7269152e-01   3.4474400e+00
   2.1000000e+00   5.7274735e-01   3.4474400e+00
   2.1100000e+00   5.7272868e-01   3.4474400e+00
   2.1200000e+00   5.7263550e-01   3.4474400e+00
   2.1300000e+00   5.7246785e-01   3.4474400e+00
   2.1400000e+00   5.7222577e-01   3.4474400e+00
   2.1500000e+00   5.7190931e-01   3.4474400e+00
   2.1600000e+00   5.7151857e-01   3.4474400e+00
   2.1700000e+00   5.7105364e-01   3.4474400e+00
   2.1800000e+00   5.7051465e-01   3.4474400e+00
   2.1900000e+00   5.6990173e-01   3.4474400e+00
   2.2000000e+00   5.6921504e-01   3.4474400e+00
   2.2100000e+00   5.6845477e-01   3.4474400e+00
   2.2200000e+00   5.6762111e-01   3.4474400e+00
   2.2300000e+00   5.6671428e-01   3.4474400e+00
   2.2400000e+00   5.6573451e-01   3.4474400e+00
   2.2500000e+00   5.6468206e-01   3.4474400e+00
   2.2600000e+00   5.6355720e-01   3.4474400e+00
   2.2700000e+00   5.6236023e-01   3.4474400e+00
   2.2800000e+00   5.6109145e-01   3.4474400e+00
   2.2900000e+00   5.5975120e-01   3.4474400e+00
   2.3000000e+00   5.5833983e-01   3.4474400e+00
   2.3100000e+00   5.5682367e-01   3.4945800e+00
   2.3200000e+00   5.5516934e-01   3.4945800e+00
   2.3300000e+00   5.5337768e-01   3.4945800e+00
   2.3400000e+00   5.5144959e-01   3.4945800e+00
   2.3500000e+00   5.4938604e-01   3.4945800e+00
   2.3600000e+00   5.4718808e-01   3.4945800e+00
   2.3700000e+00   5.4485681e-01   3.4945800e+00
   2.3800000e+00   5.4239341e-01   3.4945800e+00
   2.3900000e+00   5.3979913e-01   3.4945800e+00
   2.4000000e+00   5.3707526e-01   3.4945800e+00
   2.4100000e+00   5.3422318e-01   3.4945800e+00
   2.4200000e+00   5.3124434e-01   3.4945800e+00
   2.4300000e+00   5.2814023e-01   3.4945800e+00
   2.4400000e+00   5.2491242e-01   3.4945800e+00
   2.4500000e+00   5.2156254e-01   3.4945800e+00
   2.4600000e+00   5.1809227e-01   3.4945800e+00
   2.4700000e+00   5.1450338e-01   3.4945800e+00
   2.4800000e+00   5.1079766e-01   3.4945800e+00
   2.4900000e+00   5.0697699e-01   3.4945800e+00
   2.5000000e+00   5.0304329e-01   3.4945800e+00
   2.5100000e+00   4.9899856e-01   3.4945800e+00
   2.5200000e+00   4.9484482e-01   3.4945800e+00
   2.5300000e+00   4.9058417e-01   3.4945800e+00
   2.5400000e+00   4.8621877e-01   3.4945800e+00
   2.5500000e+00   4.8175081e-01   3.4945800e+00
   2.5600000e+00   4.7718255e-01   3.4945800e+00
   2.5700000e+00   4.7251629e-01   3.4945800e+00
   2.5800000e+00   4.6775438e-01   3.4945800e+00
   2.5900000e+00   4.6289924e-01   3.4945800e+00
   2.6000000e+00   4.5795330e-01   3.4945800e+00
   2.6100000e+00   4.5291905e-01   3.4945800e+00
   2.6200000e+00   4.4779905e-01   3.4945800e+00
   2.6300000e+00   4.4259588e-01   3.4945800e+00
   2.6400000e+00   4.3731214e-01   3.4945800e+00
   2.6500000e+00   4.3195052e-01   3.4945800e+00
   2.6600000e+00   4.2651372e-01   3.4945800e+00
   2.6700000e+00   4.2100447e-01   3.4945800e+00
   2.6800000e+00   4.1542556e-01   3.4945800e+00
   2.6900000e+00   4.0977980e-01   3.4945800e+00
   2.7000000e+00   4.0407004e-01   3.4945800e+00
   2.7100000e+00   3.9829916e-01   3.4945800e+00
   2.7200000e+00   3.9247006e-01   3.4945800e+00
   2.7300000e+00   3.8658570e-01   3.4945800e+00
   2.7400000e+00   3.8064903e-01   3.4945800e+00
   2.7500000e+00   3.7466305e-01   3.4945800e+00
   2.7600000e+00   3.6863078e-01   3.4945800e+00
   2.7700000e+00   3.6255526e-01   3.4945800e+00
   2.7800000e+00   3.5643957e-01   3.4945800e+00
   2.7900000e+00   3.5028677e-01   3.4945800e+00
   2.8000000e+00   3.4409998e-01   3.4945800e+00
   2.8100000e+00   3.3794319e-01   3.3544370e+00
   2.8200000e+00   3.3187747e-01   3.3544370e+00
   2.8300000e+00   3.2590152e-01   3.3544370e+00
   2.8400000e+00   3.2001409e-01   3.3544370e+00
   2.8500000e+00   3.1421392e-01   3.3544370e+00
   2.8600000e+00   3.0849978e-01   3.3544370e+00
   2.8700000e+00   3.0287047e-01   3.3544370e+00
   2.8800000e+00   2.9732478e-01   3.3544370e+00
   2.8900000e+00   2.9186155e-01   3.3544370e+00
   2.9000000e+00   2.8647962e-01   3.3544370e+00
   2.9100000e+00   2.8117785e-01   3.3544370e+00
   2.9200000e+00   2.7595510e-01   3.3544370e+00
   2.9300000e+00   2.7081029e-01   3.3544370e+00
   2.9400000e+00   2.6574231e-01   3.3544370e+00
   2.9500000e+00   2.6075009e-01   3.3544370e+00
   2.9600000e+00   2.5583258e-01   3.3544370e+00
   2.9700000e+00   2.5098873e-01   3.3544370e+00
   2.9800000e+00   2.4621751e-01   3.3544370e+00
   2.9900000e+00   2.4151792e-01   3.3544370e+00
   3.0000000e+00   2.3688895e-01   3.3544370e+00
   3.0100000e+00   2.3232964e-01   3.3544370e+00
   3.0200000e+00   2.2783900e-01   3.3544370e+00
   3.0300000e+00   2.2341610e-01   3.3544370e+00
   3.0400000e+00   2.1905998e-01   3.3544370e+00
   3.0500000e+00   2.1476974e-01   3.3544370e+00
   3.0600000e+00   2.1054445e-01   3.3544370e+00
   3.0700000e+00   2.0638323e-01   3.3544370e+00
   3.0800000e+00   2.0228520e-01   3.3544370e+00
   3.0900000e+00   1.9824947e-01   3.3544370e+00
   3.1000000e+00   1.9427521e-01   3.3544370e+00
   3.1100000e+00   1.9036156e-01   3.3544370e+00
   3.1200000e+00   1.8650770e-01   3.3544370e+00
   3.1300000e+00   1.8271281e-01   3.3544370e+00
   3.1400000e+00   1.7897608e-01   3.3544370e+00
   3.1500000e+00   1.7529673e-01   3.3544370e+00
   3.1600000e+00   1.7167398e-01   3.3544370e+00
   3.1700000e+00   1.6810705e-01   3.3544370e+00
   3.1800000e+00   1.6459519e-01   3.3544370e+00
   3.1900000e+00   1.6113766e-01   3.3544370e+00
   3.2000000e+00   1.5773372e-01   3.3544370e+00
   3.2100000e+00   1.5438266e-01   3.3544370e+00
   3.2200000e+00   1.5108376e-01   3.3544370e+00
   3.2300000e+00   1.4783632e-01   3.3544370e+00
   3.2400000e+00   1.4463966e-01   3.3544370e+00
   3.2500000e+00   1.4149309e-01   3.3544370e+00
   3.2600000e+00   1.3839596e-01   3.3544370e+00
   3.2700000e+00   1.3534760e-01   3.3544370e+00
   3.2800000e+00   1.3234737e-01   3.3544370e+00
   3.2900000e+00   1.2939463e-01   3.3544370e+00
   3.3000000e+00   1.2648876e-01   3.3544370e+00
   3.3100000e+00   1.2362914e-01   3.3544370e+00
   3.3200000e+00   1.2081517e-01   3.3544370e+00
   3.3300000e+00   1.1804624e-01   3.3544370e+00
   3.3400000e+00   1.1532178e-01   3.3544370e+00
   3.3500000e+00   1.1264120e-01   3.3544370e+00
   3.3600000e+00   1.1000394e-01   3.3544370e+00
   3.3700000e+00   1.0740943e-01   3.3544370e+00
   3.3800000e+00   1.0485713e-01   3.3544370e+00
   3.3900000e+00   1.0234651e-01   3.3544370e+00
   3.4000000e+00   9.9877011e-02   3.3544370e+00
   3.4100000e+00   9.7448128e-02   3.3544370e+00
   3.4200000e+00   9.5059342e-02   3.3544370e+00
   3.4300000e+00   9.2710147e-02   3.3544370e+00
   3.4400000e+00   9.0400045e-02   3.3544370e+00
   3.4500000e+00   8.8128546e-02   3.3544370e+00
   3.4600000e+00   8.5895169e-02   3.3544370e+00
   3.4700000e+00   8.3699440e-02   3.3544370e+00
   3.4800000e+00   8.1540895e-02   3.3544370e+00
   3.4900000e+00   7.9419076e-02   3.3544370e+00
   3.5000000e+00   7.7333533e-02   3.3544370e+00
   3.5100000e+00   7.5283824e-02   3.3544370e+00
   3.5200000e+00   7.3269515e-02   3.3544370e+00
   3.5300000e+00   7.1290179e-02   3.3544370e+00
   3.5400000e+00   6.9345397e-02   3.3544370e+00
   3.5500000e+00   6.7434756e-02   3.3544370e+00
   3.5600000e+00   6.5557851e-02   3.3544370e+00
   3.5700000e+00   6.3714285e-02   3.3544370e+00
   3.5800000e+00   6.1903668e-02   3.3544370e+00
   3.5900000e+00   6.0125615e-02   3.3544370e+00
   3.6000000e+00   5.8379749e-02   3.3544370e+00
   3.6100000e+00   5.6665701e-02   3.3544370e+00
   3.6200000e+00   5.4983107e-02   3.3544370e+00
   3.6300000e+00   5.3331611e-02   3.3544370e+00
   3.6400000e+00   5.1710862e-02   3.3544370e+00
   3.6500000e+00   5.0120518e-02   3.3544370e+00
   3.6600000e+00   4.8560242e-02   3.3544370e+00
   3.6700000e+00   4.7029701e-02   3.3544370e+00
   3.6800000e+00   4.5528574e-02   3.3544370e+00
   3.6900000e+00   4.4056540e-02   3.3544370e+00
   3.7000000e+00   4.2613289e-02   3.3544370e+00
   3.7100000e+00   4.1198513e-02   3.3544370e+00
   3.7200000e+00   3.9811915e-02   3.3544370e+00
   3.7300000e+00   3.8453199e-02   3.3544370e+00
   3.7400000e+00   3.7122078e-02   3.3544370e+00
   3.7500000e+00   3.5818270e-02   3.3544370e+00
   3.7600000e+00   3.4541498e-02   3.3544370e+00
   3.7700000e+00   3.3291491e-02   3.3544370e+00
   3.7800000e+00   3.2067986e-02   3.3544370e+00
   3.7900000e+00   3.0870722e-02   3.3544370e+00
   3.8000000e+00   2.9699446e-02   3.3544370e+00
   3.8100000e+00   2.8564115e-02   3.0597535e+00
   3.8200000e+00   2.6536613e-02   3.0597535e+00
   3.8300000e+00   2.5488878e-02   3.0597535e+00
   3.8400000e+00   2.4482511e-02   3.0597535e+00
   3.8500000e+00   2.3515878e-02   3.0597535e+00
   3.8600000e+00   2.2587410e-02   3.0597535e+00
   3.8700000e+00   2.1695601e-02   3.0597535e+00
   3.8800000e+00   2.0839002e-02   3.0597535e+00
   3.8900000e+00   2.0016224e-02   3.0597535e+00
   3.9000000e+00   1.9225932e-02   3.0597535e+00
   3.9100000e+00   1.8466842e-02   3.0597535e+00
   3.9200000e+00   1.7737723e-02   3.0597535e+00
   3.9300000e+00   1.7037392e-02   3.0597535e+00
   3.9400000e+00   1.6364711e-02   3.0597535e+00
   3.9500000e+00   1.5718590e-02   3.0597535e+00
   3.9600000e+00   1.5097979e-02   3.0597535e+00
   3.9700000e+00   1.4501872e-02   3.0597535e+00
   3.9800000e+00   1.3929300e-02   3.0597535e+00
   3.9900000e+00   1.3379336e-02   3.0597535e+00
   4.0000000e+00   1.2851085e-02   3.0597535e+00
   4.0100000e+00   1.2343690e-02   3.0597535e+00
   4.0200000e+00   1.1856330e-02   3.0597535e+00
   4.0300000e+00   1.1388211e-02   3.0597535e+00
   4.0400000e+00   1.0938575e-02   3.0597535e+00
   4.0500000e+00   1.0506691e-02   3.0597535e+00
   4.0600000e+00   1.0091860e-02   3.0597535e+00
   4.0700000e+00   9.6934072e-03   3.0597535e+00
   4.0800000e+00   9.3106863e-03   3.0597535e+00
   4.0900000e+00   8.9430762e-03   3.0597535e+00
   4.1000000e+00   8.5899804e-03   3.0597535e+00
   4.1100000e+00   8.2508257e-03   3.0597535e+00
   4.1200000e+00   7.9250617e-03   3.0597535e+00
   4.1300000e+00   7.6121597e-03   3.0597535e+00
   4.1400000e+00   7.3116118e-03   3.0597535e+00
   4.1500000e+00   7.0229304e-03   3.0597535e+00
   4.1600000e+00   6.7456469e-03   3.0597535e+00
   4.1700000e+00   6.4793113e-03   3.0597535e+00
   4.1800000e+00   6.2234912e-03   3.0597535e+00
   4.1900000e+00   5.9777717e-03   3.0597535e+00
   4.2000000e+00   5.7417537e-03   3.0597535e+00
